GA Info:

- Number of variables: 4
- OA Profile: (16, 15, 2, 4)
- Population size: 50
- Fitness evaluations: 500000
- Tournament size: 3
- Mutation probability: 0.2
- Crossover Operator: 2
- Seed: -4097588068080765888
Best fitness in initial population: 130.0
Best initial individual:
1 1 0 0 1 1 0 0 1 0 1 0 1 1 1 
0 0 1 0 0 1 0 0 0 0 0 0 0 1 0 
0 1 0 1 1 1 0 0 1 0 0 1 1 0 1 
0 0 0 0 1 0 0 1 0 1 1 1 1 0 0 
0 1 0 1 1 1 1 1 0 1 0 1 0 1 1 
1 1 1 0 0 1 0 1 0 0 0 0 0 0 1 
0 0 0 0 0 0 1 0 1 0 1 1 1 0 0 
1 1 1 0 0 1 1 0 1 1 0 1 0 1 0 
0 0 0 1 0 0 0 1 1 1 1 1 1 1 0 
1 0 0 1 0 1 1 1 1 1 0 0 1 0 1 
1 1 1 1 1 0 1 1 0 0 1 1 0 0 1 
1 1 1 0 1 0 1 0 0 1 1 0 1 1 1 
0 1 1 1 1 0 0 0 1 1 1 0 1 0 0 
1 0 1 1 1 0 0 1 1 0 0 1 0 1 0 
1 0 1 1 0 1 1 0 0 0 1 0 0 0 1 
0 0 0 0 0 0 1 1 0 1 0 0 0 1 0 

Best fitness in final population: 52.0
Best initial individual:
1 1 0 0 1 1 0 0 1 0 1 0 1 1 1 
0 1 1 0 0 1 0 0 0 1 0 0 1 1 0 
0 1 0 1 1 0 0 1 1 1 0 1 1 0 1 
0 0 0 0 1 1 0 1 0 0 1 1 0 1 0 
0 1 1 0 1 1 1 1 0 1 0 0 0 0 1 
1 0 0 1 0 1 1 1 0 1 1 0 1 0 0 
0 0 0 0 0 1 1 0 1 1 1 1 0 0 1 
1 0 1 1 0 1 0 1 1 0 0 1 0 1 1 
0 0 1 0 0 0 0 1 1 1 1 1 1 1 0 
1 0 1 0 1 1 1 0 1 0 0 1 1 0 0 
1 1 1 0 0 0 1 1 0 0 1 0 1 0 1 
1 0 1 1 1 0 1 0 0 1 1 1 1 1 1 
0 1 1 1 1 0 0 0 1 0 1 0 0 0 0 
1 1 0 1 1 0 1 1 1 1 0 0 0 1 0 
1 1 0 1 0 0 1 0 0 0 0 1 0 0 0 
0 0 0 1 0 0 0 0 0 0 0 0 0 1 1 


real	19m1.958s
user	18m49.445s
sys	0m2.548s
