GA Info:

- Number of variables: 4
- OA Profile: (16, 15, 2, 4)
- Population size: 50
- Fitness evaluations: 500000
- Tournament size: 3
- Mutation probability: 0.2
- Crossover Operator: 2
- Seed: 6685364809336349742
Best fitness in initial population: 120.0
Best initial individual:
0 0 0 0 0 1 1 0 0 0 1 0 1 0 0 
1 1 1 0 1 0 0 1 0 0 1 1 0 1 0 
0 0 1 1 0 1 1 1 1 1 0 0 0 1 0 
1 1 0 1 0 1 1 0 0 0 0 1 0 0 1 
0 1 1 0 1 0 1 1 0 1 1 0 0 0 1 
1 1 1 1 0 1 0 1 0 1 0 0 1 1 1 
0 1 0 0 0 0 0 1 1 0 1 0 1 1 1 
1 1 0 1 1 1 1 0 1 1 0 1 1 0 1 
1 0 1 0 0 0 1 0 1 0 1 0 1 1 0 
1 0 1 1 1 0 1 1 1 1 0 0 1 1 0 
0 1 0 1 1 0 1 0 0 0 1 1 0 1 1 
1 1 0 1 1 1 0 1 1 1 0 0 0 0 0 
0 0 0 0 1 0 0 0 1 1 0 1 0 1 1 
1 0 1 1 0 0 0 0 0 0 0 1 0 0 0 
0 0 0 0 0 1 0 1 1 1 1 1 1 0 1 
0 0 1 0 1 1 0 0 0 0 1 1 1 0 0 

Best fitness in final population: 48.0
Best initial individual:
1 1 1 1 1 1 0 0 0 0 0 0 0 0 0 
1 1 0 1 1 1 1 1 1 0 0 0 0 1 0 
0 0 0 0 1 1 0 0 1 0 0 1 1 1 0 
1 1 0 0 0 1 0 0 1 1 1 0 1 1 1 
1 0 1 1 0 1 1 1 0 1 0 1 1 1 1 
1 1 1 1 1 0 1 0 1 1 1 1 0 1 0 
0 0 0 1 0 1 0 1 1 1 1 0 0 0 1 
1 0 0 1 0 0 1 0 0 0 1 0 1 0 0 
0 0 1 0 0 1 1 0 1 0 1 1 0 0 1 
0 1 1 0 0 0 0 1 0 1 1 0 0 1 0 
1 1 1 1 0 0 0 1 1 0 0 1 1 0 1 
0 0 1 0 1 0 1 1 1 1 0 0 1 0 0 
0 0 1 1 1 0 0 0 0 0 1 0 1 1 1 
0 1 0 0 1 1 1 1 0 1 1 1 1 0 0 
1 0 0 0 1 0 0 1 0 1 0 1 0 0 1 
0 1 0 0 0 0 1 0 0 0 0 1 0 1 1 


real	19m1.453s
user	18m48.995s
sys	0m3.290s
