GA Info:

- Number of variables: 4
- OA Profile: (16, 15, 2, 4)
- Population size: 50
- Fitness evaluations: 500000
- Tournament size: 3
- Mutation probability: 0.2
- Crossover Operator: 2
- Seed: -1132844848108877515
Best fitness in initial population: 124.0
Best initial individual:
1 1 0 1 1 0 1 0 0 0 1 0 1 0 0 
0 1 1 0 0 0 1 1 0 1 1 1 1 0 0 
1 0 1 0 0 0 1 0 0 1 0 1 0 1 0 
0 0 0 0 0 1 0 0 0 0 1 1 1 0 1 
1 1 0 0 1 1 1 1 1 0 0 0 0 0 1 
0 1 0 1 0 0 0 1 0 0 0 1 0 0 1 
1 1 1 0 0 1 1 0 1 1 1 0 0 1 0 
1 1 0 1 1 0 0 0 0 1 1 0 1 0 0 
0 0 0 1 1 0 0 1 1 1 1 0 0 1 1 
1 0 1 0 0 0 0 0 0 0 0 1 1 1 0 
0 0 1 1 1 1 0 0 1 0 1 0 0 0 1 
0 1 1 1 1 1 0 1 1 1 0 1 0 1 0 
1 1 1 0 0 1 1 1 1 0 1 0 1 1 1 
0 0 0 0 0 1 0 1 1 1 0 0 0 0 0 
1 0 0 1 1 1 1 0 0 1 0 1 1 1 1 
0 0 1 1 1 0 1 1 1 0 0 1 1 1 1 

Best fitness in final population: 48.0
Best initial individual:
0 0 1 0 1 1 1 0 1 0 1 1 0 0 0 
0 1 0 1 0 0 1 1 1 0 1 1 0 1 1 
1 0 0 1 0 1 0 0 0 0 1 1 1 1 0 
0 1 0 1 0 1 0 1 1 1 0 1 1 0 1 
1 1 1 0 1 0 0 1 0 0 1 1 0 0 1 
1 0 0 1 1 1 1 0 0 1 0 1 0 0 0 
0 0 1 1 0 1 0 1 0 1 1 0 0 0 1 
0 1 1 0 0 1 1 0 0 1 0 1 0 1 0 
1 0 0 0 1 1 1 1 1 1 1 0 1 1 1 
1 0 1 0 1 1 0 1 1 1 0 1 1 1 1 
0 1 0 1 1 0 0 0 0 1 1 0 1 1 0 
1 1 1 0 0 0 1 0 1 1 1 0 1 0 0 
0 0 1 0 0 0 0 0 1 0 0 0 1 0 0 
1 1 1 1 1 0 1 1 0 0 0 0 1 0 1 
1 1 0 1 1 0 0 0 1 0 0 0 0 1 0 
0 0 0 0 0 0 1 1 0 0 0 0 0 1 1 


real	20m42.324s
user	20m32.671s
sys	0m3.808s
