GA Info:

- Number of variables: 4
- OA Profile: (16, 15, 2, 4)
- Population size: 50
- Fitness evaluations: 500000
- Tournament size: 3
- Mutation probability: 0.2
- Crossover Operator: 2
- Seed: -100030952384029503
Best fitness in initial population: 134.0
Best initial individual:
0 0 1 1 0 0 0 0 0 0 0 1 1 1 0 
1 1 0 0 1 1 0 0 1 1 0 0 1 0 0 
1 0 0 0 1 1 1 0 0 1 1 1 0 1 1 
0 1 0 1 1 0 0 1 0 1 0 0 0 1 1 
0 1 1 0 0 0 1 1 1 1 1 0 0 1 0 
1 1 1 1 0 1 0 0 1 1 1 1 1 0 0 
1 0 1 0 1 1 1 0 0 1 0 0 0 1 1 
1 1 1 0 0 0 1 1 0 0 1 0 1 0 1 
0 1 0 1 1 1 1 1 1 0 1 1 1 0 1 
1 1 0 0 1 1 0 1 0 0 1 1 0 1 1 
1 0 0 1 0 0 0 0 0 1 0 0 1 1 0 
0 0 0 1 0 0 0 1 0 0 1 0 1 0 1 
0 0 1 1 0 1 1 1 1 1 0 1 0 0 1 
0 0 0 0 0 0 1 0 1 0 0 1 1 0 0 
0 1 1 1 1 0 1 1 1 0 1 0 0 1 0 
1 0 1 0 1 1 0 0 1 0 0 1 0 0 0 

Best fitness in final population: 34.0
Best initial individual:
0 0 0 1 1 0 1 1 0 1 1 1 0 0 1 
1 1 1 1 1 0 0 0 1 1 0 1 0 1 1 
1 0 1 0 0 1 0 0 1 1 1 0 0 0 1 
0 1 1 1 0 1 1 1 0 1 0 0 1 0 1 
1 0 0 0 0 0 1 1 1 0 0 1 0 0 1 
1 0 0 1 0 0 1 0 0 1 0 0 1 1 0 
0 1 0 1 0 1 1 0 1 0 0 1 0 0 0 
0 0 1 1 1 0 0 1 1 0 1 0 1 1 0 
0 1 0 0 1 0 1 0 1 1 1 0 1 0 0 
1 1 0 1 1 1 1 1 1 0 1 0 1 1 1 
1 0 1 1 1 1 1 0 0 0 1 1 0 0 0 
1 1 0 0 1 1 0 1 0 1 1 1 0 1 0 
0 0 0 0 1 1 0 0 0 0 0 0 1 1 1 
0 0 1 0 0 1 0 1 1 1 0 1 1 1 0 
1 1 1 0 0 0 0 1 0 0 0 0 0 0 0 
0 1 1 0 0 0 0 0 0 0 1 1 1 1 1 


real	21m21.812s
user	21m6.707s
sys	0m4.247s
