GA Info:

- Number of variables: 4
- OA Profile: (16, 15, 2, 4)
- Population size: 50
- Fitness evaluations: 500000
- Tournament size: 3
- Mutation probability: 0.2
- Crossover Operator: 2
- Seed: 2159574037698557037
Best fitness in initial population: 124.0
Best initial individual:
1 0 1 1 0 0 0 0 1 1 1 0 1 0 0 
1 1 0 0 1 1 0 0 1 0 1 1 0 1 0 
0 1 1 0 0 0 1 1 0 0 0 1 1 1 1 
0 0 0 0 0 1 1 0 0 1 1 0 0 1 1 
0 0 0 1 0 0 1 1 1 0 1 0 0 0 1 
1 0 0 1 0 0 1 0 0 1 0 0 1 0 1 
0 0 0 1 1 1 0 0 0 0 0 0 0 0 0 
0 1 0 0 1 1 1 0 1 1 0 1 1 1 1 
0 0 1 0 0 0 0 1 0 1 0 1 0 1 0 
1 0 1 1 1 1 1 1 1 1 0 0 1 0 1 
1 0 1 0 1 0 1 1 1 0 1 0 0 1 0 
0 1 1 0 1 0 0 1 1 0 0 0 1 1 1 
1 1 1 1 1 1 0 0 0 0 0 1 0 0 0 
1 1 0 1 0 1 1 1 1 1 1 1 0 1 0 
1 1 0 0 0 0 0 0 0 0 1 1 1 0 0 
0 1 1 1 1 1 0 1 0 1 1 1 1 0 1 

Best fitness in final population: 28.0
Best initial individual:
1 1 1 0 1 1 1 1 0 0 0 0 1 1 0 
1 1 1 1 0 0 1 0 1 0 0 1 1 1 1 
1 0 1 1 0 1 1 1 1 1 1 1 1 0 1 
0 0 1 0 1 1 0 0 1 0 1 1 0 1 1 
0 1 0 0 0 1 0 0 0 1 1 1 1 0 1 
0 0 0 1 1 0 1 0 0 1 1 0 1 1 0 
1 0 0 1 1 1 0 0 1 0 0 0 1 0 0 
0 0 0 0 0 0 0 1 0 0 0 1 1 1 1 
0 1 1 0 1 0 0 1 1 1 1 0 1 0 0 
0 0 0 0 0 0 1 1 1 0 0 0 0 0 0 
1 1 0 1 1 0 0 1 0 0 1 1 0 0 1 
0 1 0 1 1 1 1 1 1 1 0 1 0 1 1 
1 0 1 0 1 0 1 0 0 1 0 1 0 0 1 
1 1 0 0 0 0 0 0 1 1 1 0 0 1 0 
1 0 1 1 0 1 0 1 0 1 1 0 0 1 0 
0 1 1 1 0 1 1 0 0 0 0 0 0 0 0 


real	21m4.793s
user	20m42.876s
sys	0m6.342s
