GA Info:

- Number of variables: 4
- OA Profile: (16, 15, 2, 4)
- Population size: 50
- Fitness evaluations: 500000
- Tournament size: 3
- Mutation probability: 0.2
- Crossover Operator: 2
- Seed: -2562856340224525047
Best fitness in initial population: 132.0
Best initial individual:
0 0 1 0 0 0 0 0 1 1 0 1 0 0 0 
0 0 0 1 1 0 0 0 1 0 0 0 1 0 0 
0 1 0 1 0 0 0 1 0 0 0 0 1 0 1 
1 1 1 0 0 0 1 1 0 0 0 0 0 1 1 
1 1 0 0 0 0 1 0 0 0 1 0 0 0 0 
0 1 1 0 0 1 0 1 0 0 1 1 1 1 0 
1 0 1 0 0 0 1 1 1 1 1 0 0 1 0 
0 0 1 0 1 1 1 0 0 0 0 0 1 1 1 
0 1 1 1 1 0 0 0 1 1 1 0 1 0 1 
1 0 0 1 1 0 1 1 0 0 0 1 0 0 1 
1 1 0 1 1 1 1 0 0 1 1 1 1 0 1 
1 1 1 1 0 1 1 1 1 1 0 1 1 1 0 
1 0 0 0 1 1 0 0 0 1 1 0 1 1 1 
0 0 1 1 1 1 0 1 1 1 0 1 0 1 1 
1 1 0 0 1 1 0 1 1 1 1 1 0 0 0 
0 0 0 1 0 1 1 0 1 0 1 1 0 1 0 

Best fitness in final population: 24.0
Best initial individual:
0 1 1 1 0 1 1 0 1 0 0 1 0 1 0 
1 0 0 1 1 1 1 0 0 0 0 1 1 0 0 
1 1 0 0 1 0 1 1 0 0 0 0 1 1 1 
0 0 0 0 1 0 1 0 1 1 1 0 0 1 0 
1 0 1 1 1 1 0 1 0 1 0 0 0 1 0 
0 0 1 0 1 0 0 1 0 0 1 1 1 0 0 
1 1 1 0 0 0 1 0 0 1 1 0 1 0 0 
0 1 0 1 1 1 1 1 0 1 1 1 0 0 1 
0 1 1 1 1 1 0 0 1 1 0 0 1 0 1 
1 1 1 0 1 0 0 0 0 0 1 1 0 1 1 
1 0 0 1 0 0 0 0 1 1 1 1 1 1 1 
0 0 1 1 0 1 1 1 1 0 1 0 1 1 1 
1 0 1 0 0 0 1 1 1 1 0 1 0 0 1 
0 1 0 0 0 1 0 1 1 1 0 1 1 1 0 
1 1 0 1 0 0 0 1 1 0 1 0 0 0 0 
0 0 0 0 0 1 0 0 0 0 0 0 0 0 1 


real	18m28.555s
user	18m9.018s
sys	0m4.515s
