GA Info:

- Number of variables: 4
- OA Profile: (16, 15, 2, 4)
- Population size: 50
- Fitness evaluations: 500000
- Tournament size: 3
- Mutation probability: 0.2
- Crossover Operator: 2
- Seed: 4273090685058055738
Best fitness in initial population: 138.0
Best initial individual:
1 1 0 0 1 0 1 1 0 1 0 1 1 1 0 
1 0 0 0 1 1 0 1 0 1 0 0 0 0 1 
0 1 1 1 1 1 0 1 1 0 0 1 0 0 0 
0 1 0 1 0 0 1 1 0 1 0 1 0 0 1 
1 0 1 1 1 1 0 1 1 0 1 1 1 1 1 
1 0 1 1 0 0 0 1 0 0 1 0 1 1 1 
0 1 0 0 0 1 0 0 1 1 1 1 1 1 1 
0 1 0 1 0 0 1 0 1 0 0 0 0 0 0 
0 0 1 0 1 0 1 0 0 1 1 0 1 0 0 
0 1 0 0 1 1 1 0 0 0 0 1 0 0 1 
1 0 1 1 1 0 0 0 1 1 1 0 0 1 0 
1 0 0 1 1 1 1 0 1 0 1 0 1 0 1 
1 0 1 0 0 1 0 0 0 1 1 1 0 1 0 
0 1 1 0 0 1 1 1 0 1 0 0 0 0 0 
0 0 0 1 0 0 0 0 1 0 1 1 1 1 0 
1 1 1 0 0 0 1 1 1 0 0 0 1 1 1 

Best fitness in final population: 24.0
Best initial individual:
1 0 1 0 0 1 0 1 1 1 1 0 1 1 0 
1 1 1 1 0 0 1 0 1 0 1 0 0 1 1 
1 1 0 0 0 1 1 1 0 0 1 1 1 1 1 
1 1 1 0 1 0 0 0 0 0 0 1 1 1 0 
1 0 1 1 1 0 1 1 0 1 0 0 1 0 1 
0 1 0 1 0 1 0 0 0 1 0 0 1 0 1 
0 0 1 1 0 1 1 1 0 0 0 1 0 1 0 
1 1 0 0 1 1 1 1 1 0 0 0 0 0 0 
0 1 1 0 0 0 0 1 1 1 0 1 0 0 1 
0 0 0 1 0 0 0 1 1 0 1 1 1 0 0 
1 0 0 1 1 1 0 0 1 1 0 1 0 1 1 
0 0 0 0 1 0 1 0 1 0 0 0 1 1 1 
0 1 0 1 1 0 0 1 0 1 1 0 0 1 0 
0 0 1 0 1 1 0 0 0 0 1 0 0 0 1 
1 0 0 0 0 0 1 0 0 1 1 1 0 0 0 
0 1 1 1 1 1 1 0 1 1 1 1 1 0 0 


real	20m29.691s
user	20m15.780s
sys	0m1.798s
