GA Info:

- Number of variables: 4
- OA Profile: (16, 15, 2, 4)
- Population size: 50
- Fitness evaluations: 500000
- Tournament size: 3
- Mutation probability: 0.2
- Crossover Operator: 2
- Seed: -6186476087852349023
Best fitness in initial population: 126.0
Best initial individual:
1 1 0 0 0 0 1 0 0 1 1 1 0 1 0 
0 0 1 0 0 0 1 1 0 1 0 0 0 1 0 
1 1 0 0 1 1 1 0 1 0 0 1 1 0 1 
1 1 1 1 0 1 0 0 1 1 0 0 0 0 1 
0 0 0 0 1 0 0 1 0 0 0 0 0 1 0 
1 1 0 1 1 1 1 1 0 1 0 1 0 1 1 
0 0 0 1 0 0 0 0 1 1 1 1 0 0 1 
0 1 0 0 1 1 1 1 1 0 1 0 1 0 1 
0 0 1 0 1 0 0 0 1 1 1 0 1 1 0 
1 0 0 1 0 0 0 1 1 0 0 1 1 1 1 
0 0 1 1 1 0 1 0 1 0 0 1 0 0 1 
0 1 1 1 0 1 0 1 0 0 0 1 1 0 0 
0 1 1 1 0 1 1 1 0 0 1 0 1 1 0 
1 1 0 0 1 1 0 0 0 1 1 0 1 0 1 
1 0 1 0 0 0 1 0 0 0 1 0 0 0 0 
1 0 1 1 1 1 0 1 1 1 1 1 1 1 0 

Best fitness in final population: 44.0
Best initial individual:
0 1 1 1 1 1 0 0 0 1 1 1 1 0 0 
0 1 0 0 0 1 0 0 1 1 0 1 0 0 1 
0 1 0 0 1 0 1 0 1 0 0 0 1 1 0 
1 0 1 0 1 0 1 1 1 1 1 0 1 0 1 
1 1 0 1 1 0 1 1 1 1 0 1 0 0 0 
0 0 0 1 1 1 1 1 0 0 0 0 0 0 1 
0 1 1 0 0 0 0 1 0 0 1 1 0 0 1 
0 1 1 0 0 1 1 1 1 1 1 0 0 1 0 
1 0 0 0 1 1 0 1 0 1 0 1 1 1 1 
1 0 1 0 1 1 0 0 0 0 1 0 0 1 0 
1 1 0 1 0 1 0 1 1 0 1 0 1 1 1 
1 0 0 0 0 0 1 0 0 0 1 1 1 0 0 
0 0 1 1 1 0 1 0 1 0 1 1 0 1 1 
0 0 0 1 0 0 0 1 0 1 0 0 0 1 0 
1 1 1 1 0 0 1 0 0 1 0 0 1 1 1 
1 0 1 1 0 1 0 0 1 0 0 1 1 0 0 


real	14m55.788s
user	14m47.469s
sys	0m2.314s
