GA Info:

- Number of variables: 4
- OA Profile: (16, 15, 2, 4)
- Population size: 50
- Fitness evaluations: 500000
- Tournament size: 3
- Mutation probability: 0.2
- Crossover Operator: 2
- Seed: 5579237977487669765
Best fitness in initial population: 128.0
Best initial individual:
0 0 0 1 0 1 1 1 1 0 0 0 1 0 0 
1 1 0 1 1 1 0 0 1 0 1 1 1 1 0 
0 1 1 0 0 1 0 1 1 1 1 1 1 1 0 
0 1 0 0 0 1 0 0 0 1 1 0 1 0 0 
1 1 0 1 1 1 1 1 0 1 0 1 0 0 1 
1 0 1 0 0 1 0 0 0 0 1 1 0 1 0 
1 0 1 1 0 1 1 0 0 0 1 0 1 0 1 
0 0 1 0 1 0 1 1 0 1 0 0 1 0 1 
0 0 1 1 1 0 1 1 0 0 1 1 0 1 1 
1 1 1 1 0 0 0 0 1 1 0 0 0 1 0 
1 0 0 1 0 0 1 0 0 1 0 1 1 1 0 
0 1 1 0 1 1 0 0 1 1 0 0 0 1 1 
0 0 0 0 1 0 1 1 1 0 1 0 0 1 1 
1 1 1 0 1 0 1 1 0 1 0 1 1 0 0 
0 1 0 1 0 0 0 0 1 0 0 0 0 0 1 
1 0 0 0 1 0 0 1 1 0 1 1 0 0 1 

Best fitness in final population: 28.0
Best initial individual:
0 1 0 0 0 0 0 0 1 0 1 0 1 1 1 
0 1 1 1 1 1 0 1 0 0 1 0 0 0 0 
0 0 1 1 1 0 1 0 0 0 0 1 1 1 1 
0 0 0 1 1 1 0 0 1 1 0 0 0 1 0 
1 0 0 1 0 1 0 1 0 1 1 1 0 1 1 
0 0 1 0 1 1 1 0 1 1 1 1 0 0 1 
0 1 1 0 0 1 1 1 0 1 0 0 0 1 0 
0 1 0 1 1 0 1 1 1 1 0 0 1 0 1 
1 1 1 1 0 1 0 0 1 0 0 1 0 0 1 
1 1 0 0 1 1 1 0 0 0 1 0 0 1 1 
1 0 0 0 0 1 1 1 1 0 0 1 0 0 0 
1 0 1 1 0 0 1 1 1 0 1 0 1 1 0 
1 1 0 1 0 0 1 0 0 1 1 1 1 0 0 
1 0 1 0 0 0 0 0 0 1 0 0 1 0 1 
1 1 1 0 1 0 0 1 1 1 1 1 1 1 0 
0 0 0 0 1 0 0 1 0 0 0 1 1 0 0 


real	14m58.577s
user	14m55.780s
sys	0m1.979s
