-6217988296348310147
-8309462979443496191
4356632381328434875
-5183355808786735049
2159574037698557037
7918070579251187068
-4209274721100340837
-7974463696883555906
-8848071651332984924
-1132844848108877515
4273090685058055738
5791113692751113926
2529667926403738942
1789007226388928193
-1863981082438540045
-5415937997339178750
-6703691454155965528
-784395933810871918
-100030952384029503
-2519062162507998268
-6362986371297368978
-9201967070490589906
-2919480371799897907
2415657779646926623
-5352158416829522351
4124030792810596176
6685364809336349742
-2562856340224525047
7005732274350651266
-8656674731246890636
-5859557917818084511
8686981310795145137
4489477361509771959
-2275305866854098250
-4097588068080765888
2270995230024159728
3650370790641061185
-3485768142606375575
4669183786299105378
6051086236322607173
-2737837923779636514
5579237977487669765
6120608730966038531
-6675328927561055260
6024268046759270743
3553754683488667257
-7191625119604159074
-6186476087852349023
-4795201231723993587
-1449071859238307571
