125 101 159 186 150  68 181 169
1 235   2  20 114 219 174 140 
187 166  11 130  17 222 117  60
55  32 207 192  90   5  17 184 
109 180  45  55  37  89 248  29
124  13 189 118  61 163 226 109 
155  97 200  94 241 166 149 197
190 225   1 169 132   3  85 145 
164 239  23  83 182  85  53 133
53 201 214 218 156  83  71 240 
 58 126 234 151  86  17  77  59
198 174  84 142  56  43  94  80 
 62 109 254 136 147  47  27  35
193 214 132   5 152 212 211  24 
243 228  51 209  20 207  33 230
2 201  14  23  22 185 214 180 
168  59  54 223  35 180 247 162
146  49 241 217  13  68  29 245 
193  28 155 248  96 158 156 254
196  91 149  76  79 126  10 221 
110  36  43 156 155  33 178 167
46   5 145  24 180  11  76 128 
205  72  36 230  17 236 123 215
31 143 195 174 243  35 134  33 
 81  94  66 223  70  80 185 181
80 135  63 240  39 128  59  57 
 46 228  99 158 223  47 199  92
9  61 143 182 188 231 110 220 
130 247  40 180  98  92  57  97
116 209 237 107  50  80 221 135 
 97  35 160 119  30 171 174 174
177 223 102   0 122  91 142 120 
183 170 242 191 223 211  77  62
182 154 204 130  94 125 108 224 
 64 180  42 174  92 113  34 199
240  81  50  36  33  50 132  31 
 65  77 159 194 228 184 168  50
105 229 146 186  87  16 160 207 
 98  32  95  77 234  69 204  64
69 176  67  53 223 198 249  83 
222 146 133 252 233  62   1 218
5 122 133 101  97 111 109  77 
  3 152  98  98  54 197 240  84
228 131 213  49 181 119  92 163 
 87 153 210 222 222 127 154  83
121   6  57  88  14 121  81  49 
158 205  55 124  14  55  50 156
161 201  28 132 198  56  37 170 
 13 102 147 196 226   5 116 189
13 249  21  80 210 220 227 235 