GA Info:

- Number of variables: 4
- OA Profile: (16, 15, 2, 4)
- Population size: 50
- Fitness evaluations: 500000
- Tournament size: 3
- Mutation probability: 0.2
- Crossover Operator: 0
- Seed: 4356632381328434875
Best fitness in initial population: 257.37653233513214
Best initial individual:
1 0 1 1 1 0 0 0 0 1 1 1 0 0 1 
1 1 0 0 1 0 0 1 1 0 0 0 0 1 1 
0 0 1 1 0 0 1 1 1 0 1 1 0 0 1 
1 0 0 0 0 0 1 1 0 1 0 0 0 1 1 
0 0 1 1 0 1 0 1 1 1 1 0 1 0 1 
1 1 0 0 1 0 1 1 0 1 1 0 1 1 0 
1 1 1 0 0 1 0 1 0 1 1 1 1 1 0 
0 0 1 1 1 1 1 1 1 1 0 0 0 1 0 
1 0 1 1 1 0 0 1 1 1 1 0 1 1 0 
0 1 0 0 0 1 0 0 0 0 1 1 0 1 1 
0 1 1 0 0 0 0 1 1 1 0 1 0 0 1 
1 0 0 1 0 0 1 1 0 0 1 1 0 0 1 
0 1 0 0 0 1 1 1 0 1 1 0 0 0 0 
0 0 0 1 1 0 0 0 0 0 0 1 1 1 0 
0 1 0 1 0 0 1 1 1 1 0 0 1 1 1 
1 1 1 0 1 1 0 0 1 0 0 1 1 0 1 

Best fitness in final population: 162.70552227132376
Best initial individual:
0 1 0 1 0 0 1 0 1 1 0 1 0 1 0 
1 1 1 1 1 1 0 0 0 0 1 0 1 1 0 
1 1 0 0 1 0 1 0 0 1 1 1 1 0 1 
1 1 0 0 0 0 1 1 1 1 1 1 0 1 1 
1 1 1 0 0 0 1 0 0 1 0 1 1 0 0 
0 1 0 1 1 1 0 1 1 0 1 0 1 1 0 
1 0 0 0 0 1 1 0 0 1 1 0 0 1 1 
0 1 0 1 1 0 1 1 1 0 0 0 0 0 0 
0 0 0 1 0 1 0 1 0 0 0 1 1 0 1 
1 0 1 1 0 0 1 1 0 0 0 0 1 0 1 
0 0 0 0 1 1 0 0 0 0 0 0 1 1 1 
1 0 1 0 1 1 0 1 1 1 0 0 0 1 0 
1 0 1 1 1 1 0 1 1 1 1 1 1 0 1 
0 0 1 0 1 0 1 0 1 0 1 1 0 0 0 
0 0 1 1 0 0 0 0 1 0 0 1 1 1 0 
0 1 1 1 0 1 0 1 0 1 1 0 0 1 1 


real	20m29.626s
user	20m17.124s
sys	0m2.128s
