GA Info:

- Number of variables: 4
- OA Profile: (16, 15, 2, 4)
- Population size: 50
- Fitness evaluations: 500000
- Tournament size: 3
- Mutation probability: 0.2
- Crossover Operator: 0
- Seed: -2275305866854098250
Best fitness in initial population: 256.020010511093
Best initial individual:
1 0 0 1 1 0 1 1 1 0 0 0 0 1 0 
0 1 1 0 1 1 1 1 0 1 0 1 0 0 0 
1 0 0 0 1 1 0 1 1 0 1 0 1 0 1 
0 1 0 1 1 0 1 0 0 1 0 1 1 0 1 
1 1 0 0 1 1 0 0 0 1 0 1 0 0 0 
0 0 1 1 0 1 0 1 1 1 1 1 1 0 1 
0 0 1 1 1 1 1 0 0 0 1 1 1 1 1 
1 1 0 1 0 0 0 0 0 0 1 1 1 0 0 
1 0 0 1 0 0 0 1 0 1 0 0 0 1 0 
0 1 1 0 1 0 0 0 1 0 0 0 1 0 1 
1 1 1 1 1 0 0 0 0 1 0 0 1 1 0 
1 1 0 1 0 1 0 0 0 1 1 0 0 0 1 
0 1 0 0 0 0 1 1 0 0 1 1 0 0 0 
0 1 1 0 0 1 1 0 0 0 1 1 0 0 1 
1 0 0 1 0 0 1 1 1 1 1 1 0 1 1 
0 0 0 1 0 1 1 0 0 1 0 0 0 1 1 

Best fitness in final population: 171.65549358878917
Best initial individual:
1 1 0 1 0 1 0 0 1 1 1 0 1 0 0 
0 0 1 1 1 1 0 0 1 1 0 1 0 1 0 
1 0 0 1 1 1 1 1 0 0 0 0 0 1 0 
0 1 1 0 1 0 0 1 1 0 0 1 1 0 1 
0 0 0 0 0 1 1 0 0 0 0 1 1 0 0 
0 1 0 0 0 0 0 0 1 1 0 0 0 1 0 
1 0 0 1 0 0 0 1 0 0 1 0 1 0 0 
0 0 0 1 1 1 1 0 0 0 1 1 0 1 1 
1 1 0 0 0 1 0 1 0 1 0 1 0 1 1 
0 1 1 0 1 1 1 0 1 0 0 1 1 0 0 
1 1 1 1 1 1 1 1 1 0 0 0 1 1 1 
0 0 1 0 0 0 1 1 0 1 0 1 1 1 1 
1 1 1 1 1 0 1 1 0 1 1 0 1 0 1 
1 0 1 0 1 0 1 1 1 1 1 0 0 0 1 
0 1 0 1 0 1 1 0 1 1 1 0 0 0 1 
1 0 1 0 1 0 0 0 0 0 1 1 1 1 0 


real	18m37.165s
user	18m31.872s
sys	0m1.809s
