GA Info:

- Number of variables: 4
- OA Profile: (16, 15, 2, 4)
- Population size: 50
- Fitness evaluations: 500000
- Tournament size: 3
- Mutation probability: 0.2
- Crossover Operator: 0
- Seed: -7974463696883555906
Best fitness in initial population: 245.00662440366344
Best initial individual:
0 1 1 0 0 0 1 1 1 0 0 0 1 0 0 
0 1 1 1 0 0 0 0 1 1 1 0 0 0 0 
0 0 1 0 1 1 0 1 1 0 1 1 0 1 1 
1 0 1 0 1 1 1 0 1 0 1 0 1 1 0 
1 1 0 0 0 1 0 1 1 1 1 0 1 0 1 
1 1 0 1 1 0 1 1 0 0 1 0 0 0 0 
0 1 1 1 1 0 1 0 0 1 0 0 1 1 1 
1 0 0 0 0 1 0 1 0 1 0 0 1 1 0 
0 1 1 1 1 1 0 1 0 1 1 0 1 1 1 
0 0 0 1 0 0 0 0 1 0 1 1 1 0 0 
1 0 0 1 1 1 1 0 0 1 0 0 0 1 1 
0 1 0 1 0 1 0 1 0 1 1 0 0 1 0 
1 1 0 0 1 1 0 0 0 1 1 1 1 0 0 
1 1 1 0 1 0 0 0 0 0 0 0 0 0 0 
0 0 1 0 0 0 1 1 1 0 1 1 0 0 1 
1 0 0 0 0 1 1 1 0 1 0 1 0 1 0 

Best fitness in final population: 174.98779251794477
Best initial individual:
1 1 1 1 0 0 0 1 1 0 0 0 0 0 1 
0 0 1 1 1 1 0 0 1 1 1 1 0 0 0 
1 1 1 1 0 0 0 0 0 0 0 0 1 1 1 
0 1 1 0 1 0 0 1 1 0 1 1 0 1 0 
1 0 0 1 1 1 1 1 1 0 1 1 1 1 1 
1 1 1 0 1 1 1 1 0 0 0 0 0 0 0 
0 1 0 0 0 0 1 0 1 0 0 1 0 1 0 
0 1 1 1 0 1 1 1 1 1 1 1 1 0 1 
1 0 0 0 0 0 1 0 0 1 0 1 0 1 0 
0 0 0 1 1 1 1 1 1 1 1 0 0 1 1 
1 0 1 0 1 1 0 0 1 1 0 1 1 0 0 
0 0 1 0 0 1 0 0 0 1 1 0 0 0 0 
1 1 0 0 0 0 0 0 0 1 0 1 1 1 1 
0 1 0 1 0 0 1 1 0 1 0 0 1 0 0 
0 1 0 1 1 0 0 0 0 1 1 0 0 0 1 
0 0 0 0 1 0 1 1 0 0 1 0 1 1 1 


real	20m36.804s
user	20m22.170s
sys	0m2.087s
