GA Info:

- Number of variables: 4
- OA Profile: (16, 15, 2, 4)
- Population size: 50
- Fitness evaluations: 500000
- Tournament size: 3
- Mutation probability: 0.2
- Crossover Operator: 0
- Seed: 7005732274350651266
Best fitness in initial population: 251.1265372627632
Best initial individual:
1 1 0 1 0 1 0 1 0 0 0 0 1 0 1 
0 0 1 0 1 1 1 1 1 0 1 1 0 0 1 
0 0 1 0 0 0 0 0 0 0 1 0 0 1 0 
0 1 0 1 0 0 1 1 1 1 1 0 0 0 1 
1 0 0 1 0 0 0 0 1 0 0 0 0 0 1 
0 1 1 1 1 1 0 1 1 1 0 0 1 1 0 
0 0 0 0 1 0 0 1 1 1 0 1 1 1 0 
1 0 0 0 1 1 1 1 1 1 1 1 1 1 1 
1 1 0 0 0 1 1 1 1 1 1 1 1 1 1 
0 1 1 0 1 0 1 0 1 0 1 1 1 0 0 
1 0 0 1 1 0 0 0 0 1 1 0 1 1 1 
1 1 1 1 0 0 0 1 0 1 0 0 1 0 0 
1 1 1 1 0 1 0 0 1 1 1 1 0 0 0 
0 0 1 0 1 1 1 1 0 1 0 0 0 1 1 
0 1 1 0 0 1 1 1 0 0 1 1 1 0 1 
0 1 1 1 1 1 1 0 0 1 0 0 1 0 0 

Best fitness in final population: 180.6270924924877
Best initial individual:
0 0 0 0 1 0 1 0 1 1 0 0 0 1 1 
1 0 0 0 1 0 1 0 0 0 0 0 1 0 1 
0 1 0 0 1 1 0 1 0 0 0 1 1 1 0 
0 1 1 0 0 0 1 0 0 1 1 1 0 1 0 
1 1 1 0 0 1 0 0 0 0 0 1 0 0 0 
1 1 0 1 1 1 1 1 0 1 0 1 1 1 0 
0 1 1 1 1 0 0 1 0 0 1 1 0 0 1 
0 0 1 1 0 0 0 0 1 1 0 0 0 1 1 
1 1 0 0 0 1 1 1 1 0 1 0 1 0 1 
0 0 1 0 0 1 0 1 0 1 1 0 1 0 0 
0 1 1 1 0 1 0 0 1 0 1 0 1 1 0 
1 1 0 1 1 1 0 1 1 0 1 1 1 1 0 
1 1 1 1 1 0 1 1 1 1 1 1 1 0 0 
1 0 0 1 0 0 1 1 0 1 1 0 0 0 0 
0 0 1 0 1 1 1 0 1 1 0 1 0 1 1 
1 0 0 1 0 0 0 1 1 0 1 0 0 1 1 


real	18m10.904s
user	18m7.131s
sys	0m1.869s
