GA Info:

- Number of variables: 4
- OA Profile: (16, 15, 2, 4)
- Population size: 50
- Fitness evaluations: 500000
- Tournament size: 3
- Mutation probability: 0.2
- Crossover Operator: 0
- Seed: -1449071859238307571
Best fitness in initial population: 239.65240664147706
Best initial individual:
0 1 1 1 1 0 0 0 1 0 1 1 0 1 1 
0 0 0 1 0 0 1 1 0 0 0 0 1 1 0 
0 0 0 0 1 0 1 0 0 1 1 1 1 0 1 
0 0 0 1 0 0 1 1 1 0 0 1 1 1 1 
1 1 0 0 1 0 0 0 1 0 1 0 0 0 0 
1 1 0 1 0 1 1 1 0 1 1 1 1 0 1 
1 0 0 1 0 1 0 0 0 1 1 1 0 0 1 
1 0 0 1 0 1 0 1 1 1 0 0 1 1 1 
1 0 1 0 0 1 1 1 1 0 0 0 1 1 1 
0 1 1 0 1 1 0 1 1 1 1 0 1 0 0 
1 0 1 1 1 0 1 1 1 0 1 1 1 0 0 
1 1 0 0 0 1 0 1 0 0 0 0 1 0 0 
0 0 1 0 1 0 1 1 0 1 1 1 0 1 0 
0 0 1 0 0 1 0 0 1 1 0 1 0 1 0 
0 1 1 0 1 1 0 1 0 0 0 1 1 1 0 
1 0 1 0 1 0 0 0 0 0 1 0 0 1 0 

Best fitness in final population: 171.12889723958514
Best initial individual:
0 1 0 0 0 0 0 0 1 1 1 1 0 1 1 
0 0 0 1 0 1 0 0 1 1 0 0 0 1 1 
0 0 1 1 1 1 1 1 1 0 0 1 1 1 0 
1 1 1 0 0 1 0 0 0 0 0 1 0 0 1 
1 1 0 0 1 1 1 0 0 1 0 0 1 0 0 
0 0 0 0 1 0 1 0 1 1 0 0 0 1 0 
0 0 1 0 0 1 1 1 0 0 1 0 0 1 0 
1 1 1 1 0 1 0 1 1 0 1 1 1 1 1 
0 1 1 0 1 1 1 1 0 1 0 0 1 1 1 
1 1 1 1 1 0 0 0 0 1 1 0 1 0 0 
1 1 0 1 1 1 1 1 1 0 1 0 1 0 0 
1 0 1 0 0 0 0 1 1 1 1 1 0 0 0 
0 0 0 1 1 0 0 0 1 0 1 1 1 0 1 
1 1 1 1 0 0 1 0 0 0 0 0 0 1 1 
0 0 0 1 0 0 1 1 0 0 0 1 0 0 0 
1 0 0 0 0 1 1 1 0 0 1 0 1 0 1 


real	12m57.161s
user	12m55.394s
sys	0m1.749s
