GA Info:

- Number of variables: 4
- OA Profile: (16, 15, 2, 4)
- Population size: 50
- Fitness evaluations: 500000
- Tournament size: 3
- Mutation probability: 0.2
- Crossover Operator: 0
- Seed: 2270995230024159728
Best fitness in initial population: 243.0934426981011
Best initial individual:
1 1 0 1 0 0 1 0 0 0 0 1 1 0 0 
0 0 0 0 0 1 1 0 1 1 0 0 1 1 0 
0 1 1 1 1 0 0 0 1 0 0 0 0 0 1 
0 1 0 1 0 0 1 0 0 0 1 0 1 1 1 
1 1 0 0 0 1 1 1 0 0 1 0 0 0 0 
1 0 1 1 1 1 0 0 1 0 1 1 0 1 1 
1 0 1 1 1 1 1 1 1 0 0 0 0 0 1 
1 1 1 1 0 1 0 1 1 1 1 1 0 1 0 
1 0 1 0 0 0 0 1 0 0 1 0 1 0 1 
0 1 0 0 0 1 1 1 0 0 1 1 1 0 0 
0 1 1 1 1 1 1 1 0 0 0 0 1 1 1 
1 0 1 0 0 0 0 0 1 1 0 0 0 1 0 
0 1 0 1 1 1 0 0 1 1 1 1 1 0 1 
0 1 0 0 1 0 1 1 0 1 0 0 0 1 1 
0 1 1 1 1 0 0 0 0 0 0 1 0 0 0 
1 0 1 0 0 0 0 0 0 1 0 0 1 0 1 

Best fitness in final population: 167.9497145647096
Best initial individual:
0 0 0 1 1 1 1 1 0 0 1 0 1 1 0 
0 1 1 1 1 0 1 1 0 0 0 1 0 1 1 
0 0 0 1 0 1 0 1 1 0 0 0 0 0 0 
0 1 0 1 0 1 0 0 0 0 1 1 1 1 1 
1 0 1 0 1 1 0 1 0 1 1 1 0 1 0 
0 1 0 1 1 1 0 0 0 1 0 1 1 1 0 
1 1 1 0 1 1 1 1 0 0 0 0 1 1 1 
1 1 0 0 0 0 1 0 0 1 1 0 1 0 0 
0 0 0 1 1 0 1 1 1 1 0 1 1 0 0 
1 0 1 0 1 1 1 0 1 1 1 1 0 0 0 
1 1 1 1 0 0 0 0 1 0 0 0 1 0 1 
1 0 1 0 1 0 0 0 1 0 0 0 0 1 1 
0 1 0 0 0 0 1 0 1 0 1 1 1 1 0 
1 0 1 1 0 0 1 0 0 1 1 1 0 0 0 
1 1 0 0 0 1 0 1 1 1 1 0 0 1 1 
0 0 1 0 0 0 0 0 1 1 0 0 0 0 1 


real	17m49.868s
user	17m36.031s
sys	0m2.066s
