GA Info:

- Number of variables: 4
- OA Profile: (16, 15, 2, 4)
- Population size: 50
- Fitness evaluations: 500000
- Tournament size: 3
- Mutation probability: 0.2
- Crossover Operator: 0
- Seed: -3485768142606375575
Best fitness in initial population: 252.1948665097415
Best initial individual:
0 0 0 1 1 0 0 1 0 1 1 1 0 0 1 
0 1 0 0 1 0 0 1 0 0 0 0 1 1 0 
0 1 1 0 0 1 0 1 1 1 0 0 0 0 0 
0 0 0 1 0 1 0 1 0 1 0 0 1 1 0 
1 1 1 1 0 0 0 0 0 0 1 0 1 0 0 
1 1 1 0 1 0 1 1 1 0 1 1 1 0 1 
1 0 1 1 1 1 0 1 1 1 0 0 0 1 1 
1 0 0 1 0 1 1 0 1 0 0 1 1 0 1 
0 0 0 1 0 0 1 0 1 0 0 1 0 1 0 
1 1 1 0 1 0 1 1 0 0 0 1 1 0 0 
0 1 1 0 0 0 0 1 1 1 1 0 1 1 0 
1 1 1 1 1 1 0 0 0 0 1 1 1 1 0 
1 0 0 1 1 1 1 1 0 1 1 1 0 0 1 
1 0 0 0 0 1 1 0 1 1 0 0 1 0 1 
0 1 0 1 1 0 0 0 1 1 0 1 1 0 0 
1 0 1 0 0 1 1 1 1 0 1 0 1 1 0 

Best fitness in final population: 177.11918289436358
Best initial individual:
1 1 1 1 0 1 0 1 0 1 0 0 0 0 0 
0 0 1 0 0 1 0 0 1 1 0 1 1 1 0 
1 1 0 0 0 0 0 1 0 0 0 1 0 0 0 
0 0 0 1 0 0 0 0 0 1 1 1 1 0 0 
0 0 1 0 0 1 0 1 1 0 0 0 1 1 1 
1 1 1 0 1 1 1 0 1 0 1 1 1 0 0 
1 1 0 1 0 1 1 0 1 0 1 0 0 1 0 
1 1 0 0 1 1 1 0 0 1 0 0 1 0 1 
1 0 1 1 0 0 1 1 1 0 1 1 1 1 1 
0 1 0 0 1 0 1 0 0 1 1 1 1 1 1 
1 0 0 0 1 0 0 1 0 0 1 0 1 1 1 
0 0 1 1 1 1 1 1 0 1 0 1 0 0 1 
1 1 1 0 1 0 0 0 1 0 0 0 0 0 1 
0 0 0 1 0 1 0 1 0 1 1 0 0 0 0 
0 0 1 1 1 0 0 0 1 1 0 1 0 0 0 
0 1 0 0 1 1 1 1 1 0 0 1 0 1 1 


real	15m28.670s
user	15m20.190s
sys	0m2.035s
