GA Info:

- Number of variables: 4
- OA Profile: (16, 15, 2, 4)
- Population size: 50
- Fitness evaluations: 500000
- Tournament size: 3
- Mutation probability: 0.2
- Crossover Operator: 0
- Seed: -1863981082438540045
Best fitness in initial population: 269.01325376871443
Best initial individual:
0 0 0 0 1 1 0 0 0 1 1 1 1 1 0 
1 0 1 1 1 1 1 1 0 1 0 0 1 1 0 
1 0 0 0 0 0 0 0 0 1 1 0 0 1 0 
1 0 1 0 0 0 0 1 0 1 1 1 0 1 1 
1 0 0 1 0 1 0 0 0 1 0 1 0 0 1 
0 1 0 1 0 0 1 1 0 1 1 1 0 0 1 
1 0 1 0 0 0 0 1 1 0 1 1 0 1 0 
0 0 1 0 0 1 0 1 1 1 0 1 1 0 1 
0 1 1 1 1 1 1 0 1 1 1 1 0 1 0 
0 1 0 0 1 1 1 1 1 0 0 1 1 1 1 
1 0 1 0 1 0 1 1 1 0 1 0 0 1 0 
1 1 0 1 0 1 1 0 1 0 0 0 0 0 0 
1 1 1 1 0 0 1 1 0 1 1 0 1 1 1 
0 1 0 1 0 1 1 0 1 0 1 0 1 0 1 
0 1 1 1 1 1 1 1 1 0 1 1 0 1 1 
1 1 1 0 1 1 0 1 1 0 0 0 1 0 1 

Best fitness in final population: 164.33242381824797
Best initial individual:
1 1 1 0 1 0 0 1 0 1 1 0 0 1 1 
1 1 1 0 1 0 1 1 0 0 0 1 0 0 0 
0 0 0 0 1 0 0 0 0 0 0 1 0 1 1 
0 1 0 0 0 1 1 1 1 0 0 0 1 1 1 
1 0 1 1 1 1 0 1 1 0 1 1 0 1 0 
0 0 1 1 0 0 0 1 0 1 1 0 0 0 1 
0 0 1 0 0 0 0 1 0 1 0 1 1 0 0 
1 1 0 1 1 1 0 0 0 0 1 0 1 1 1 
0 0 1 1 1 1 1 1 0 1 0 1 1 0 0 
1 1 1 1 0 0 0 0 1 1 1 0 1 0 0 
1 1 0 0 1 1 1 1 1 0 1 1 1 0 1 
0 1 0 0 0 1 1 0 1 1 1 1 0 0 1 
0 0 0 0 0 1 0 0 1 0 1 1 0 1 0 
1 0 0 1 1 0 1 0 1 1 0 0 1 0 0 
1 1 1 0 0 0 1 0 1 0 0 0 0 1 0 
1 0 0 1 0 1 1 0 0 1 0 0 0 1 0 


real	21m7.112s
user	20m49.687s
sys	0m4.235s
