GA Info:

- Number of variables: 4
- OA Profile: (16, 15, 2, 4)
- Population size: 50
- Fitness evaluations: 500000
- Tournament size: 3
- Mutation probability: 0.2
- Crossover Operator: 1
- Seed: 2270995230024159728
Best fitness in initial population: 122.0
Best initial individual:
0 1 1 0 0 0 0 0 1 1 1 1 0 0 0 
0 1 0 1 1 0 1 1 0 1 0 1 0 1 1 
1 0 1 0 0 0 1 1 1 1 1 0 0 0 1 
1 0 0 1 0 0 0 1 0 0 1 0 0 0 0 
0 1 1 1 0 0 0 1 0 0 0 0 1 0 1 
0 0 1 0 1 1 0 1 1 0 1 1 1 1 1 
0 1 0 0 1 0 1 0 1 1 0 0 0 1 0 
0 0 1 0 0 1 0 0 0 0 0 1 1 0 1 
1 0 0 0 1 0 1 1 0 1 0 0 1 1 0 
1 0 1 1 1 1 1 0 1 1 1 0 1 0 0 
1 0 1 1 1 0 0 1 1 1 0 1 1 1 0 
0 1 0 1 1 1 1 0 0 0 0 0 0 1 0 
0 1 0 0 0 1 1 1 0 0 1 0 1 0 0 
1 1 0 0 1 1 0 0 0 1 0 1 0 0 1 
1 0 1 1 0 1 0 0 1 0 1 1 0 1 1 
1 1 0 1 0 1 1 0 1 0 1 1 1 1 1 

Best fitness in final population: 46.0
Best initial individual:
0 0 1 1 0 1 0 0 0 1 1 1 1 0 1 
1 0 1 0 0 1 0 1 0 1 0 0 0 0 0 
1 0 0 1 1 1 0 1 1 0 0 1 0 1 1 
0 0 0 0 1 0 0 0 0 0 0 0 1 1 0 
1 1 1 0 0 0 0 0 0 0 1 0 0 1 1 
0 1 1 1 1 1 1 1 0 0 1 0 0 0 0 
1 1 1 1 1 0 0 1 1 1 1 1 1 0 0 
0 1 1 0 1 1 1 1 1 1 0 1 1 1 1 
0 1 0 1 0 1 0 0 1 1 0 0 0 1 0 
1 0 1 1 1 0 1 0 1 0 0 0 1 0 1 
1 1 0 1 1 0 1 0 0 1 0 1 0 1 0 
0 1 0 0 0 0 0 1 0 0 0 1 1 0 1 
0 0 1 0 0 0 1 1 1 0 1 1 0 1 0 
1 0 0 1 0 1 1 1 0 1 1 0 1 1 1 
0 0 0 0 1 0 1 0 1 1 1 0 0 0 1 
1 1 0 0 0 1 1 0 1 0 1 1 1 0 0 


real	17m45.074s
user	17m28.617s
sys	0m3.345s
