GA Info:

- Number of variables: 4
- OA Profile: (16, 15, 2, 4)
- Population size: 50
- Fitness evaluations: 500000
- Tournament size: 3
- Mutation probability: 0.2
- Crossover Operator: 1
- Seed: 7005732274350651266
Best fitness in initial population: 126.0
Best initial individual:
0 0 0 0 0 1 1 1 0 1 0 0 0 1 1 
1 1 0 1 1 1 1 1 0 1 1 0 1 0 0 
1 0 0 0 0 1 1 1 1 0 1 1 1 1 0 
0 1 1 1 0 1 0 1 1 0 1 0 0 0 0 
0 1 1 0 0 1 1 0 0 1 1 1 1 0 1 
0 1 1 1 1 0 0 1 0 0 0 0 1 1 1 
0 0 0 1 1 0 1 0 1 1 1 0 1 1 0 
1 1 0 0 1 0 0 0 1 0 0 0 1 0 1 
1 1 0 0 0 0 0 0 0 1 0 1 0 1 0 
1 0 1 0 0 0 1 1 0 1 0 1 0 0 1 
1 0 0 1 1 0 0 1 1 0 1 1 0 1 1 
0 1 1 1 1 1 0 1 1 0 0 1 1 0 0 
0 0 1 0 0 0 1 0 1 1 0 0 0 0 1 
1 0 1 1 1 0 0 0 0 0 1 1 1 0 0 
0 0 1 1 0 1 1 0 0 1 0 1 0 1 0 
1 1 0 0 1 1 0 0 1 0 1 0 0 1 1 

Best fitness in final population: 46.0
Best initial individual:
1 1 0 1 1 1 1 0 0 0 0 1 0 0 1 
1 1 0 0 1 1 1 1 1 1 1 0 1 0 1 
0 1 1 0 0 0 0 0 1 0 1 0 0 0 0 
0 0 1 0 1 0 0 1 0 1 0 1 1 0 0 
1 1 0 0 0 0 0 0 1 1 0 1 0 1 0 
1 0 1 0 0 1 1 0 0 0 0 0 1 1 0 
1 0 0 1 0 0 0 0 0 1 1 0 1 0 1 
0 0 1 1 1 1 1 0 1 1 1 1 1 1 0 
0 0 0 0 0 1 1 1 0 1 1 1 0 1 1 
1 0 1 0 1 1 1 1 1 0 1 1 0 0 0 
0 1 0 1 0 1 1 1 0 0 0 0 1 0 0 
0 1 1 1 0 1 1 0 1 1 0 0 0 0 1 
0 1 0 0 1 0 0 0 0 0 1 1 1 1 1 
1 1 1 1 1 0 0 1 0 1 1 0 0 1 0 
1 0 1 1 0 0 0 1 1 0 0 1 1 1 1 
0 0 0 1 1 0 0 1 1 0 0 0 0 1 1 


real	18m57.404s
user	18m40.687s
sys	0m1.859s
