GA Info:

- Number of variables: 4
- OA Profile: (16, 15, 2, 4)
- Population size: 50
- Fitness evaluations: 500000
- Tournament size: 3
- Mutation probability: 0.2
- Crossover Operator: 1
- Seed: -2737837923779636514
Best fitness in initial population: 120.0
Best initial individual:
0 1 0 1 0 0 1 1 1 0 1 0 0 1 0 
1 1 0 0 1 1 1 0 1 0 0 1 0 1 1 
0 1 1 0 0 1 1 1 0 0 1 0 1 1 1 
1 0 1 1 1 0 0 0 1 1 0 0 1 1 0 
0 0 0 0 1 1 1 1 0 1 1 1 1 0 0 
1 0 0 0 1 1 1 0 1 0 1 0 0 1 0 
1 1 0 1 0 0 0 0 0 0 1 1 1 1 0 
0 1 1 0 1 0 0 0 1 1 0 1 0 0 1 
0 1 1 1 1 0 0 0 1 0 0 0 1 1 1 
1 1 0 0 0 1 1 1 1 1 1 0 1 0 1 
0 0 1 1 0 1 0 1 1 1 1 1 0 1 0 
1 0 1 1 0 1 0 1 0 0 1 1 0 0 1 
1 0 1 1 1 0 1 1 0 0 0 1 1 0 0 
0 0 0 0 0 0 0 0 0 1 0 0 0 0 1 
0 0 0 1 0 0 1 0 0 1 0 1 1 0 0 
1 1 1 0 1 1 0 1 0 1 0 0 0 0 1 

Best fitness in final population: 44.0
Best initial individual:
1 1 1 1 0 0 0 0 0 0 1 1 1 1 0 
1 0 0 1 0 0 1 0 1 0 0 1 0 1 0 
0 0 0 0 0 0 1 0 0 0 0 0 1 0 1 
1 0 1 0 0 1 0 0 1 1 1 0 1 0 0 
1 0 1 0 1 0 0 1 1 0 1 0 0 1 1 
0 1 1 0 1 0 1 0 1 0 1 1 1 0 1 
0 1 0 1 0 0 0 1 1 1 1 0 0 0 1 
0 1 1 0 0 1 1 1 0 0 0 1 0 0 0 
0 1 0 0 1 1 1 0 1 1 1 0 0 1 0 
0 0 0 1 1 1 0 1 1 0 1 1 1 0 0 
0 0 1 1 1 1 1 0 0 1 0 1 1 1 1 
0 0 1 1 1 0 1 1 0 1 0 0 0 0 0 
1 1 0 0 1 0 0 1 0 1 0 1 1 1 0 
1 0 0 0 0 1 0 1 0 1 1 1 0 1 1 
1 1 1 1 0 1 1 1 1 1 0 0 1 1 1 
1 1 0 1 1 1 0 0 0 0 0 0 0 0 1 


real	15m26.847s
user	15m19.145s
sys	0m2.037s
