GA Info:

- Number of variables: 4
- OA Profile: (16, 15, 2, 4)
- Population size: 50
- Fitness evaluations: 500000
- Tournament size: 3
- Mutation probability: 0.2
- Crossover Operator: 1
- Seed: 4124030792810596176
Best fitness in initial population: 130.0
Best initial individual:
1 0 0 1 1 0 1 0 1 0 1 0 0 1 1 
0 1 0 0 1 0 0 1 1 1 1 1 1 1 0 
1 0 1 1 0 1 0 0 0 0 0 1 0 1 1 
1 0 1 0 0 1 1 1 0 1 1 0 1 0 0 
1 0 0 0 0 1 1 1 1 1 0 1 1 1 0 
0 1 1 1 1 1 0 1 1 0 1 0 1 0 0 
0 0 1 0 1 0 0 0 0 0 0 0 0 1 0 
0 1 0 1 1 1 1 0 1 1 1 1 0 1 0 
1 0 1 1 0 1 0 1 0 1 0 1 1 0 1 
1 1 1 0 0 0 1 1 0 1 0 1 0 1 0 
0 0 0 1 1 0 1 0 1 0 0 1 1 0 0 
0 1 1 0 1 1 1 0 1 1 0 0 1 0 1 
0 1 1 1 0 0 1 0 1 0 0 1 0 0 1 
0 1 0 0 0 1 0 1 0 0 1 0 1 1 1 
1 1 0 0 0 0 0 0 0 0 1 0 0 0 1 
1 0 0 1 1 0 0 1 0 1 1 0 0 0 1 

Best fitness in final population: 38.0
Best initial individual:
0 0 1 0 0 1 0 0 1 0 0 1 1 1 0 
0 1 1 0 1 0 1 0 0 0 0 0 1 0 1 
1 1 1 0 1 1 1 0 1 1 1 1 1 0 0 
0 0 0 0 1 0 1 1 1 0 1 1 0 1 1 
0 0 1 1 0 0 1 0 1 1 1 1 0 0 0 
0 0 1 1 1 1 0 1 0 1 1 0 1 1 1 
0 1 0 1 1 0 0 1 0 1 0 1 1 1 0 
1 0 0 1 0 1 1 0 0 0 1 1 1 1 0 
0 1 0 0 0 1 0 1 0 0 1 0 0 0 0 
1 0 0 0 0 0 1 1 1 1 0 0 1 1 1 
0 1 0 1 0 1 1 0 1 1 0 0 0 0 1 
1 0 0 0 1 1 0 1 0 1 0 1 0 0 0 
1 1 1 1 1 1 1 1 1 0 0 0 0 1 0 
1 1 1 0 0 0 0 0 0 1 1 0 0 1 1 
1 1 0 1 1 0 0 1 1 0 1 0 1 0 1 
1 0 1 1 0 0 0 0 0 0 0 1 0 0 1 


real	18m58.005s
user	18m50.787s
sys	0m2.239s
