GA Info:

- Number of variables: 4
- OA Profile: (16, 15, 2, 4)
- Population size: 50
- Fitness evaluations: 500000
- Tournament size: 3
- Mutation probability: 0.2
- Crossover Operator: 1
- Seed: 6685364809336349742
Best fitness in initial population: 120.0
Best initial individual:
0 0 0 0 0 1 1 0 0 0 1 0 1 0 0 
1 1 1 0 1 0 0 1 0 0 1 1 0 1 0 
0 0 1 1 0 1 1 1 1 1 0 0 0 1 0 
1 1 0 1 0 1 1 0 0 0 0 1 0 0 1 
0 1 1 0 1 0 1 1 0 1 1 0 0 0 1 
1 1 1 1 0 1 0 1 0 1 0 0 1 1 1 
0 1 0 0 0 0 0 1 1 0 1 0 1 1 1 
1 1 0 1 1 1 1 0 1 1 0 1 1 0 1 
1 0 1 0 0 0 1 0 1 0 1 0 1 1 0 
1 0 1 1 1 0 1 1 1 1 0 0 1 1 0 
0 1 0 1 1 0 1 0 0 0 1 1 0 1 1 
1 1 0 1 1 1 0 1 1 1 0 0 0 0 0 
0 0 0 0 1 0 0 0 1 1 0 1 0 1 1 
1 0 1 1 0 0 0 0 0 0 0 1 0 0 0 
0 0 0 0 0 1 0 1 1 1 1 1 1 0 1 
0 0 1 0 1 1 0 0 0 0 1 1 1 0 0 

Best fitness in final population: 24.0
Best initial individual:
0 1 1 0 0 0 1 0 0 0 0 1 0 1 1 
1 1 1 1 0 0 0 1 1 0 0 0 1 0 0 
1 1 1 0 1 0 1 1 0 1 1 1 1 0 1 
0 0 1 0 0 1 1 1 1 1 0 0 0 0 0 
1 0 1 1 1 1 1 0 0 0 1 0 0 1 0 
1 0 0 0 1 0 0 0 0 0 0 1 0 0 0 
0 1 0 1 0 1 0 1 0 0 1 1 0 0 1 
0 1 0 1 1 0 1 0 1 1 1 1 0 0 0 
0 1 1 0 1 1 0 1 1 0 1 1 1 1 0 
0 0 1 1 1 1 0 0 0 1 0 0 1 0 1 
0 0 0 1 1 0 1 1 1 0 0 0 1 1 1 
1 1 0 1 0 1 1 1 0 1 0 1 1 1 0 
0 0 0 0 0 0 0 0 0 1 1 0 1 1 0 
1 0 1 1 0 0 0 0 1 1 1 1 0 1 1 
1 0 0 0 0 1 1 0 1 0 1 0 1 0 1 
1 1 0 0 1 1 0 1 1 1 0 0 0 1 1 


real	17m50.562s
user	17m38.750s
sys	0m3.125s
