GA Info:

- Number of variables: 4
- OA Profile: (16, 15, 2, 4)
- Population size: 50
- Fitness evaluations: 500000
- Tournament size: 3
- Mutation probability: 0.2
- Crossover Operator: 1
- Seed: -9201967070490589906
Best fitness in initial population: 134.0
Best initial individual:
0 1 0 0 0 1 1 1 1 1 0 1 1 0 1 
1 1 1 1 0 0 0 0 0 1 1 1 0 1 0 
0 0 1 1 0 0 0 1 1 0 0 1 0 1 0 
0 1 0 0 1 0 1 0 1 0 0 0 0 0 1 
0 0 0 1 1 1 1 0 1 1 0 0 0 0 1 
0 1 1 0 1 0 0 1 1 0 1 1 1 1 0 
1 1 1 0 0 0 1 0 1 1 1 0 0 1 0 
1 0 0 0 0 1 1 1 0 1 1 0 1 1 1 
0 0 1 0 0 1 0 1 0 0 0 0 1 1 0 
1 0 0 1 1 1 1 1 1 0 0 1 1 1 1 
1 1 1 1 1 0 0 0 1 1 0 1 1 0 0 
1 0 0 0 0 0 0 0 0 0 1 0 0 0 1 
0 1 1 1 0 1 1 1 0 0 1 0 1 0 1 
1 1 1 1 1 1 0 0 0 1 1 0 0 1 1 
0 0 0 1 1 0 0 1 0 1 1 1 0 0 0 
1 0 0 0 1 1 1 0 0 0 0 1 1 0 0 

Best fitness in final population: 54.0
Best initial individual:
0 1 1 1 1 0 0 1 0 1 0 0 1 0 0 
0 1 1 0 0 0 1 0 1 0 1 0 0 0 1 
0 1 0 0 1 0 0 1 1 1 1 0 0 1 1 
1 1 0 1 0 0 1 1 0 0 1 1 1 0 1 
1 0 1 1 0 1 0 1 0 0 1 0 0 1 1 
0 1 1 1 1 1 1 0 0 1 1 1 0 1 0 
1 0 1 0 0 0 1 1 1 1 1 1 1 1 0 
1 0 0 1 0 0 1 0 0 1 0 0 1 1 1 
0 0 0 0 0 0 0 0 0 1 0 1 0 0 0 
0 0 0 1 1 1 1 0 1 0 1 0 1 0 0 
1 0 1 1 1 0 0 0 1 0 0 1 0 0 1 
1 1 0 0 1 1 0 0 1 0 0 1 1 1 1 
0 1 0 1 0 1 0 1 1 0 0 1 0 1 0 
0 0 1 0 1 1 1 1 0 0 0 1 1 1 1 
1 0 0 0 1 1 1 1 0 1 1 0 0 0 0 
1 1 1 0 0 1 0 0 1 1 0 0 1 0 0 


real	21m21.246s
user	21m7.927s
sys	0m6.198s
