GA Info:

- Number of variables: 4
- OA Profile: (16, 15, 2, 4)
- Population size: 50
- Fitness evaluations: 500000
- Tournament size: 3
- Mutation probability: 0.2
- Crossover Operator: 1
- Seed: -4209274721100340837
Best fitness in initial population: 130.0
Best initial individual:
0 1 0 1 1 0 1 1 0 1 1 0 1 1 1 
1 0 1 0 1 0 0 0 1 1 1 0 0 1 1 
0 1 1 0 1 0 1 0 0 0 0 1 1 0 0 
1 1 1 0 1 1 1 1 1 1 1 1 1 0 0 
0 1 0 1 0 0 0 0 1 1 1 1 1 0 0 
1 0 1 1 0 1 0 1 1 0 1 1 1 0 0 
0 0 0 0 0 1 0 1 0 1 0 1 1 0 1 
0 1 0 0 0 1 0 0 0 0 0 0 1 0 0 
0 0 0 1 1 0 1 1 1 0 0 0 0 1 0 
0 1 1 1 0 0 1 1 1 0 0 0 0 1 1 
1 0 0 1 1 0 0 1 0 1 0 0 0 1 0 
1 1 1 1 0 1 1 1 1 0 1 1 0 1 1 
1 0 1 1 0 1 0 0 0 0 0 1 0 1 1 
1 0 0 0 0 1 1 0 0 1 1 0 1 1 0 
1 1 1 0 1 1 0 0 0 0 0 0 0 0 1 
0 0 0 0 1 0 1 0 1 1 1 1 0 0 1 

Best fitness in final population: 32.0
Best initial individual:
0 1 0 0 0 1 1 0 0 1 0 0 0 0 0 
0 0 1 1 1 0 0 0 0 1 0 0 1 0 1 
0 0 0 1 0 0 1 1 0 0 0 1 1 1 0 
1 0 0 1 0 1 1 0 1 1 1 0 0 1 1 
1 0 0 1 1 0 0 1 1 1 0 0 0 0 0 
1 0 1 0 1 0 1 0 0 0 1 0 0 0 0 
0 0 1 0 0 1 1 1 1 1 0 1 1 0 1 
0 1 0 0 1 0 0 1 0 1 1 1 0 1 1 
1 1 1 1 1 1 1 1 0 1 1 1 1 1 0 
0 0 1 0 1 1 0 1 1 0 0 0 0 1 0 
1 0 0 0 0 1 0 1 0 0 1 0 1 1 1 
0 1 1 1 0 0 1 1 1 0 1 0 0 1 1 
1 1 1 1 0 1 0 0 0 0 0 1 0 0 1 
1 1 1 0 0 0 0 0 1 1 1 1 1 1 0 
1 1 0 0 1 0 1 0 1 0 0 1 1 0 1 
0 1 0 1 1 1 0 0 1 0 1 1 1 0 0 


real	19m57.537s
user	19m50.990s
sys	0m2.160s
