GA Info:

- Number of variables: 4
- OA Profile: (16, 15, 2, 4)
- Population size: 50
- Fitness evaluations: 500000
- Tournament size: 3
- Mutation probability: 0.2
- Crossover Operator: 1
- Seed: 2529667926403738942
Best fitness in initial population: 134.0
Best initial individual:
0 0 0 0 1 1 0 0 1 0 0 1 1 1 0 
1 1 1 0 1 1 1 0 1 0 1 0 1 1 1 
0 1 0 1 0 0 0 0 0 1 1 1 0 1 0 
0 1 0 0 1 0 0 1 0 1 0 0 1 0 1 
1 1 1 0 0 1 1 1 0 1 0 1 1 0 1 
0 0 0 0 1 1 1 0 1 1 0 1 0 0 1 
1 0 0 1 1 0 0 1 1 1 1 0 0 1 0 
0 1 0 0 0 1 1 1 0 0 1 1 1 1 0 
1 1 1 1 1 0 1 1 0 0 0 0 0 0 0 
1 1 1 1 0 1 1 1 1 1 1 0 1 0 0 
1 0 0 1 0 0 0 0 1 0 0 0 0 0 1 
1 0 0 0 1 0 1 0 0 0 1 1 1 0 0 
0 1 1 1 1 0 1 0 1 1 1 1 0 0 1 
0 0 1 1 0 0 0 1 0 0 1 0 0 1 1 
0 0 1 0 0 1 0 0 1 0 0 1 1 1 1 
1 0 1 1 0 1 0 1 0 1 0 0 0 1 0 

Best fitness in final population: 40.0
Best initial individual:
0 1 0 0 1 1 1 0 0 1 1 0 1 0 1 
1 1 0 0 1 0 0 1 1 0 1 1 0 1 0 
0 0 0 1 0 1 0 0 1 0 1 1 1 0 0 
0 1 1 0 0 0 0 1 1 0 0 0 1 0 0 
1 1 0 1 1 0 1 0 1 1 0 0 1 0 0 
0 0 1 1 1 0 0 0 1 1 1 0 0 1 0 
0 1 1 0 1 1 0 1 0 1 0 1 0 1 1 
0 1 0 1 0 1 1 1 1 1 0 0 0 1 0 
1 0 0 1 1 1 0 1 0 0 0 0 1 0 1 
1 0 1 0 0 1 1 1 1 1 1 1 1 0 0 
1 0 1 0 1 1 1 0 1 0 0 1 0 1 0 
1 0 0 1 0 0 1 1 0 1 1 0 0 1 1 
1 1 1 1 0 1 0 0 0 0 1 0 0 1 1 
1 0 1 0 0 0 0 0 0 1 0 1 1 0 1 
0 0 0 0 0 0 1 0 0 0 0 1 0 1 1 
0 1 1 1 1 0 1 1 0 0 1 1 1 0 1 


real	20m56.691s
user	20m34.201s
sys	0m2.457s
