GA Info:

- Number of variables: 4
- OA Profile: (16, 15, 2, 4)
- Population size: 50
- Fitness evaluations: 500000
- Tournament size: 3
- Mutation probability: 0.2
- Crossover Operator: 0
- Seed: -6703691454155965528
Best fitness in initial population: 270.13911037818116
Best initial individual:
0 1 1 0 1 0 1 0 1 0 0 1 1 1 1 
1 0 1 1 1 1 0 0 0 0 0 0 0 0 0 
0 1 1 1 1 0 0 1 0 1 0 1 0 0 0 
1 0 1 0 1 0 0 0 0 0 1 1 1 0 1 
0 0 1 1 0 0 0 0 1 1 1 1 1 1 0 
1 1 0 1 0 1 0 1 1 0 0 0 0 0 1 
1 1 0 1 1 1 0 1 1 1 1 1 1 0 0 
0 0 1 0 1 0 1 1 1 0 0 1 1 0 0 
1 1 0 0 0 0 0 1 1 0 0 0 1 1 1 
1 1 0 1 0 0 1 1 0 1 0 0 1 0 1 
1 0 1 1 1 1 0 1 0 0 1 1 0 1 1 
1 0 1 0 1 0 1 0 0 1 1 1 0 0 0 
1 0 0 0 0 0 1 0 0 0 1 1 1 0 1 
0 1 0 0 0 1 1 0 1 1 0 0 0 1 0 
1 1 0 0 0 0 1 0 0 0 0 0 0 0 0 
1 0 0 0 0 1 1 1 0 1 0 1 0 0 1 

Best fitness in final population: 158.52110157387705
Best initial individual:
1 1 1 0 1 0 0 0 1 0 1 1 0 0 0 
1 0 0 1 0 0 0 0 1 1 0 0 0 0 0 
1 0 1 1 1 1 0 1 1 0 0 1 1 0 0 
0 1 0 1 1 0 1 1 0 0 1 0 0 0 0 
1 0 1 1 1 1 1 0 0 0 0 1 0 0 1 
0 1 1 1 0 0 0 1 1 0 1 0 1 0 1 
0 0 1 0 0 0 1 0 0 0 0 0 1 1 1 
0 0 0 0 0 0 0 0 1 1 1 1 0 1 1 
0 1 1 1 1 1 1 0 1 1 1 1 0 1 0 
0 0 0 0 0 1 1 1 0 0 1 1 1 0 1 
1 1 0 0 0 1 0 0 1 0 0 0 1 0 0 
1 1 0 1 1 0 1 1 0 0 1 0 0 1 1 
0 1 1 0 0 1 1 1 1 1 0 1 0 1 1 
0 0 0 1 1 1 0 0 0 1 0 0 1 1 0 
0 0 1 0 1 0 0 1 0 1 1 1 1 1 1 
1 1 0 0 0 1 1 0 0 1 0 1 1 1 0 


real	21m8.922s
user	21m5.655s
sys	0m2.508s
