GA Info:

- Number of variables: 4
- OA Profile: (16, 15, 2, 4)
- Population size: 50
- Fitness evaluations: 500000
- Tournament size: 3
- Mutation probability: 0.2
- Crossover Operator: 0
- Seed: 3553754683488667257
Best fitness in initial population: 255.81074377552775
Best initial individual:
1 1 1 1 1 1 0 1 1 1 0 0 1 0 0 
0 0 0 0 0 1 1 0 1 1 1 1 1 0 1 
0 0 1 1 1 0 0 1 0 0 1 1 0 1 0 
1 0 1 1 0 0 0 1 1 1 1 1 0 0 1 
1 0 0 1 1 1 1 0 0 0 0 0 0 1 1 
1 0 1 0 0 0 0 1 1 0 1 0 1 0 0 
1 1 0 0 1 0 1 0 1 1 1 0 0 1 1 
1 1 0 1 0 0 1 0 1 1 0 1 0 1 0 
1 1 1 0 0 1 1 0 0 1 0 0 0 1 1 
0 1 0 0 0 0 0 1 0 0 0 1 1 1 0 
1 1 1 1 1 1 1 0 0 1 1 1 1 1 0 
0 0 0 0 1 0 0 0 0 1 1 1 0 0 0 
1 0 0 0 0 0 1 0 1 0 1 1 1 1 0 
1 0 1 1 1 1 1 1 0 1 0 0 1 0 0 
0 1 1 0 1 1 1 1 0 1 1 1 0 0 0 
0 1 1 0 0 1 0 0 0 0 1 1 0 0 1 

Best fitness in final population: 147.92218199311836
Best initial individual:
0 0 1 0 1 0 0 1 0 1 0 1 0 1 1 
0 0 0 1 0 1 1 1 1 0 0 0 1 1 1 
1 1 1 0 0 0 1 0 1 1 1 0 0 1 0 
1 0 1 1 1 0 0 0 1 0 0 1 0 1 1 
0 1 1 0 0 0 0 1 0 0 1 0 1 0 0 
1 0 1 0 0 1 1 0 0 1 1 0 0 0 1 
0 0 0 0 0 0 1 1 0 0 0 0 0 0 1 
0 1 1 1 0 1 1 1 1 1 1 1 1 1 1 
1 1 0 0 1 0 1 0 0 0 0 0 1 1 1 
1 0 0 1 0 1 0 0 0 1 0 1 1 0 0 
0 1 0 0 0 1 0 0 1 1 1 1 1 1 1 
0 0 0 1 1 1 0 1 0 1 1 0 0 0 0 
1 1 0 0 1 1 1 1 1 1 1 1 1 0 0 
0 0 1 1 1 0 0 0 0 0 1 0 0 1 0 
1 1 0 1 0 0 0 1 1 0 0 0 1 0 0 
1 1 1 1 1 1 1 0 1 0 1 1 0 0 0 


real	14m38.893s
user	14m29.291s
sys	0m6.314s
