GA Info:

- Number of variables: 4
- OA Profile: (16, 15, 2, 4)
- Population size: 50
- Fitness evaluations: 500000
- Tournament size: 3
- Mutation probability: 0.2
- Crossover Operator: 0
- Seed: 4489477361509771959
Best fitness in initial population: 259.2750580019354
Best initial individual:
1 0 1 1 0 0 0 1 1 1 1 0 1 0 0 
0 0 1 0 0 1 0 0 1 1 1 0 0 0 0 
1 0 0 1 0 1 1 1 0 1 1 1 1 0 0 
1 0 1 1 1 1 1 1 1 1 0 1 1 0 0 
0 0 0 0 0 1 1 0 0 1 0 0 0 1 1 
0 1 1 0 1 0 0 1 0 0 0 0 1 0 1 
0 0 0 0 1 0 1 0 0 0 1 1 0 0 0 
1 1 1 1 1 0 0 0 0 1 1 0 1 1 0 
1 1 0 0 0 1 1 0 1 0 1 1 1 1 0 
1 0 0 1 1 1 1 1 1 1 1 1 0 1 0 
1 0 1 1 0 0 1 1 1 0 0 1 1 1 1 
0 1 1 0 1 1 0 1 1 0 0 0 0 0 1 
1 1 1 1 0 0 1 1 0 0 1 0 0 1 0 
0 0 0 0 0 1 0 0 1 0 0 1 0 0 0 
0 1 0 0 0 0 0 1 0 0 1 1 0 1 1 
0 1 1 1 0 1 1 1 0 1 1 0 1 1 0 

Best fitness in final population: 167.1010115943289
Best initial individual:
1 0 1 1 0 0 0 1 1 0 0 0 0 0 0 
1 0 1 1 1 0 1 1 0 1 1 1 0 0 1 
0 1 1 1 1 1 0 0 1 0 0 1 1 1 1 
0 1 1 0 1 0 1 1 1 1 1 0 1 0 1 
0 1 1 1 0 1 0 1 0 1 0 1 1 1 0 
0 0 1 1 1 1 0 0 1 1 1 1 0 0 0 
1 0 0 0 0 1 0 0 0 1 0 0 1 1 1 
0 1 0 1 0 1 1 0 1 0 1 0 0 0 1 
0 0 0 0 1 1 1 1 0 1 1 0 1 1 1 
0 1 1 0 0 1 1 1 0 1 0 0 1 0 1 
1 0 0 0 0 0 0 0 1 0 1 1 0 1 1 
0 1 0 0 0 0 0 0 0 1 0 1 0 0 1 
1 0 1 0 1 1 1 0 0 0 1 0 0 1 0 
1 0 0 1 1 0 0 0 0 0 1 1 1 0 0 
1 0 0 1 0 0 1 1 1 1 1 1 1 1 0 
1 1 1 0 1 1 1 1 1 0 0 0 0 1 0 


real	19m49.099s
user	19m36.367s
sys	0m7.307s
