GA Info:

- Number of variables: 4
- OA Profile: (16, 15, 2, 4)
- Population size: 50
- Fitness evaluations: 500000
- Tournament size: 3
- Mutation probability: 0.2
- Crossover Operator: 0
- Seed: 5579237977487669765
Best fitness in initial population: 258.090044098945
Best initial individual:
0 0 0 1 1 1 1 0 0 0 0 0 0 0 1 
1 1 1 0 1 1 0 1 0 0 0 1 0 1 0 
1 1 1 1 0 0 1 0 1 0 1 1 0 1 1 
0 0 0 0 0 0 0 0 0 1 0 1 0 0 0 
1 0 0 0 1 0 1 1 1 1 0 0 1 1 0 
0 0 1 0 1 0 0 1 1 0 1 1 1 0 1 
0 1 0 0 0 0 0 0 1 1 0 0 1 1 1 
0 1 1 1 1 1 1 0 1 1 1 1 0 1 1 
1 0 1 0 0 1 1 0 0 0 0 1 1 0 1 
0 0 1 0 0 0 0 1 1 0 0 0 0 0 0 
0 0 1 0 0 1 1 0 0 1 1 1 0 1 0 
0 1 0 1 1 1 1 0 0 0 1 0 0 0 1 
0 0 1 0 1 0 0 1 1 1 1 0 1 0 1 
0 1 1 1 1 1 1 1 1 0 0 0 1 0 1 
1 1 1 1 0 0 1 0 0 0 1 1 1 0 1 
1 0 0 1 1 1 0 1 0 1 1 1 0 0 0 

Best fitness in final population: 157.4926344211044
Best initial individual:
0 1 0 1 0 1 1 1 1 0 0 1 0 1 0 
1 1 0 0 0 0 1 0 1 0 1 0 1 1 1 
1 1 0 1 1 1 0 0 1 0 1 1 0 0 1 
0 0 1 0 0 1 1 1 1 0 1 1 1 0 0 
0 0 0 1 1 0 1 1 0 1 1 0 0 1 0 
0 0 1 0 0 1 0 0 0 0 0 0 1 0 1 
1 1 1 1 1 0 1 1 1 0 0 0 0 0 1 
1 0 1 0 0 1 0 1 0 0 0 1 0 1 0 
0 1 1 1 0 0 1 1 0 0 1 0 0 0 1 
1 0 1 1 1 0 0 0 0 0 0 0 1 1 0 
1 0 1 0 1 0 1 0 0 1 1 1 0 0 0 
0 1 0 1 0 0 0 0 0 1 1 1 1 1 0 
1 0 0 1 0 0 1 1 1 1 0 0 0 0 1 
0 1 0 0 1 0 0 1 1 1 0 1 1 0 1 
1 0 1 0 1 1 1 0 0 1 0 1 1 1 1 
0 0 0 0 1 1 1 0 1 1 1 0 1 1 0 


real	16m9.144s
user	15m58.454s
sys	0m5.948s
