GA Info:

- Number of variables: 4
- OA Profile: (16, 15, 2, 4)
- Population size: 50
- Fitness evaluations: 500000
- Tournament size: 3
- Mutation probability: 0.2
- Crossover Operator: 0
- Seed: -9201967070490589906
Best fitness in initial population: 260.2643140210839
Best initial individual:
0 0 0 1 0 1 0 1 0 0 1 1 0 1 0 
1 0 1 1 1 0 1 1 0 0 0 1 0 0 0 
0 1 1 1 1 0 0 1 1 0 0 0 1 1 0 
1 1 0 1 0 0 0 1 1 1 1 1 1 0 0 
1 1 0 1 1 1 0 0 1 1 0 1 0 0 0 
1 0 0 1 0 0 0 0 1 1 1 0 1 0 0 
0 1 1 0 1 0 0 1 1 1 1 1 0 1 1 
1 0 1 0 0 1 1 1 0 0 0 0 1 1 1 
0 1 0 0 0 1 0 0 0 1 1 1 1 0 1 
1 0 0 1 1 0 0 1 0 0 1 1 1 0 1 
1 0 1 0 1 1 0 0 1 0 0 0 0 1 1 
0 1 1 0 0 0 1 0 0 0 0 0 1 1 0 
0 1 1 1 0 0 0 0 1 1 1 1 0 1 0 
1 1 0 0 1 1 0 1 0 1 1 1 0 1 0 
0 0 0 1 1 0 1 0 1 0 1 0 1 1 1 
1 1 0 0 1 1 1 0 1 1 1 0 0 0 0 

Best fitness in final population: 171.4431464017959
Best initial individual:
0 0 0 0 0 1 1 1 0 0 0 0 0 0 1 
1 0 0 1 0 0 0 0 0 0 1 0 1 0 1 
0 1 1 1 1 0 1 1 0 1 0 1 0 0 1 
0 0 1 0 1 1 0 0 1 1 0 0 1 1 1 
1 1 0 1 0 1 0 1 0 1 0 1 1 0 0 
1 1 1 0 0 0 0 1 1 1 0 0 0 1 1 
0 1 0 0 1 1 1 0 1 0 0 1 0 1 1 
0 1 1 0 0 0 0 0 0 1 1 1 1 1 0 
0 0 0 1 1 0 1 1 0 0 1 0 0 0 0 
1 1 0 0 1 0 1 0 1 0 1 1 1 1 1 
1 1 0 1 1 1 1 0 1 1 0 0 1 1 0 
0 0 1 1 0 1 0 1 1 0 0 0 1 0 0 
1 0 1 0 0 0 0 1 0 0 1 0 0 1 1 
0 1 1 1 1 0 1 0 1 1 1 0 0 1 0 
1 0 0 0 0 1 1 1 1 1 1 0 1 1 0 
1 0 1 0 1 1 0 0 0 0 0 1 0 0 0 


real	20m3.064s
user	19m57.453s
sys	0m1.969s
