GA Info:

- Number of variables: 4
- OA Profile: (16, 15, 2, 4)
- Population size: 50
- Fitness evaluations: 500000
- Tournament size: 3
- Mutation probability: 0.2
- Crossover Operator: 0
- Seed: -6362986371297368978
Best fitness in initial population: 264.88355001300295
Best initial individual:
1 0 0 1 0 1 1 0 0 0 0 0 0 1 1 
1 0 1 0 1 1 1 0 0 1 1 1 0 0 0 
1 1 0 1 1 0 1 1 0 0 0 1 1 1 0 
0 1 0 1 1 0 0 0 1 0 0 0 1 1 0 
0 0 1 0 1 0 1 1 0 0 0 0 0 0 0 
0 0 0 0 1 0 0 1 1 0 1 0 0 1 1 
0 0 1 0 0 0 1 1 0 1 0 0 0 1 1 
0 0 0 1 0 1 0 0 0 1 1 1 1 1 0 
1 0 1 1 0 0 1 0 1 1 0 0 0 1 0 
0 0 1 1 1 0 0 1 1 1 1 1 1 0 1 
1 0 0 1 0 1 0 1 1 1 1 0 1 1 0 
0 1 1 1 1 1 1 0 1 1 1 0 0 1 1 
1 1 1 0 1 0 0 1 1 1 1 1 0 1 1 
1 1 0 0 1 0 0 1 1 0 0 1 1 0 0 
0 0 0 1 0 1 1 0 0 0 1 0 0 1 0 
1 1 1 1 0 1 0 1 1 0 0 1 1 1 1 

Best fitness in final population: 174.14023239307426
Best initial individual:
1 1 0 0 1 0 1 1 0 0 0 1 1 1 0 
0 1 0 0 0 1 0 0 0 1 1 1 0 0 1 
0 1 1 1 1 1 0 1 0 1 0 0 0 1 0 
1 0 0 1 0 1 0 1 1 0 1 1 1 0 1 
0 0 0 0 1 1 1 1 1 0 0 0 1 0 0 
0 1 0 0 1 1 0 1 1 1 1 0 1 1 1 
1 1 0 1 0 1 1 0 0 0 0 1 1 1 1 
1 0 0 0 1 0 0 0 0 0 0 0 0 0 1 
1 1 1 0 1 0 1 0 1 1 1 1 0 0 1 
0 0 1 1 1 0 1 0 1 0 1 0 0 0 1 
1 1 1 1 0 1 0 0 1 1 0 1 1 1 1 
1 0 0 1 1 1 1 1 0 1 1 1 1 1 1 
0 1 1 1 0 0 0 0 0 0 1 0 0 1 0 
0 1 1 0 0 0 1 1 1 1 0 0 0 1 0 
0 0 1 0 0 0 0 1 1 0 1 1 1 0 0 
0 0 1 0 0 0 1 0 0 1 0 0 0 0 1 


real	21m47.588s
user	21m29.834s
sys	0m2.270s
