GA Info:

- Number of variables: 4
- OA Profile: (16, 15, 2, 4)
- Population size: 50
- Fitness evaluations: 500000
- Tournament size: 3
- Mutation probability: 0.2
- Crossover Operator: 0
- Seed: 8686981310795145137
Best fitness in initial population: 243.4830294898707
Best initial individual:
1 1 1 1 0 1 0 1 0 1 0 1 0 1 0 
0 0 1 0 1 1 0 1 1 1 0 1 1 0 1 
1 0 0 1 0 0 0 0 1 0 0 0 0 1 0 
1 0 0 0 1 0 0 1 0 0 0 0 0 1 1 
0 0 1 0 1 0 0 0 1 0 1 1 0 1 1 
1 1 1 1 1 1 0 1 1 0 1 0 0 1 0 
1 1 0 1 1 0 0 0 1 1 1 1 1 1 0 
1 0 1 0 0 1 1 1 0 0 1 0 1 1 0 
0 1 1 1 1 0 1 1 1 1 0 0 1 0 1 
0 0 0 0 0 0 0 1 1 1 1 0 0 0 1 
1 1 0 0 0 1 1 1 1 0 0 1 0 0 0 
1 0 0 0 0 0 1 0 1 1 1 0 1 0 0 
1 0 1 1 1 1 1 1 0 1 0 1 1 1 0 
1 1 0 0 1 1 1 0 0 1 0 1 1 1 1 
1 0 1 1 0 1 1 0 1 0 1 1 1 1 1 
0 1 1 1 1 0 1 1 1 0 0 0 0 0 1 

Best fitness in final population: 166.93783711573084
Best initial individual:
0 0 1 1 1 1 0 1 0 0 0 0 0 1 0 
1 1 0 0 1 1 0 0 1 1 0 1 0 1 1 
0 0 1 1 0 1 0 0 1 1 0 1 1 1 1 
1 1 1 1 1 0 0 0 1 0 1 0 1 0 0 
0 1 1 1 0 0 1 0 1 0 0 0 1 0 1 
1 1 1 0 1 0 1 1 0 1 0 1 1 0 1 
0 0 1 1 1 1 1 0 1 1 1 0 0 1 0 
0 1 0 0 0 1 1 1 0 0 1 0 1 0 0 
1 0 0 1 1 0 0 0 0 1 0 1 0 1 0 
1 0 0 0 0 1 1 1 1 0 0 0 1 0 0 
1 1 0 0 1 0 0 0 1 0 1 0 0 1 1 
1 0 0 1 0 0 0 1 0 0 1 0 1 0 1 
0 1 1 0 0 0 1 0 1 1 1 1 0 1 0 
1 0 0 0 0 1 1 1 0 1 1 0 0 0 0 
0 1 1 0 1 1 0 1 0 1 1 1 1 0 1 
1 0 0 1 0 0 1 0 0 0 0 1 1 1 1 


real	17m48.509s
user	17m31.544s
sys	0m1.997s
