GA Info:

- Number of variables: 4
- OA Profile: (16, 15, 2, 4)
- Population size: 50
- Fitness evaluations: 500000
- Tournament size: 3
- Mutation probability: 0.2
- Crossover Operator: 0
- Seed: -4097588068080765888
Best fitness in initial population: 249.69579848005546
Best initial individual:
1 0 1 1 1 0 0 1 0 0 1 0 1 0 1 
0 1 0 0 1 0 1 0 1 0 0 0 1 1 0 
1 0 0 1 0 1 1 0 1 0 0 1 1 1 0 
1 1 0 1 0 1 0 1 1 1 0 0 1 0 0 
0 0 0 0 0 0 1 1 1 1 1 1 0 0 1 
1 1 0 1 1 0 0 0 0 1 0 1 0 1 1 
1 1 1 1 1 1 1 0 1 0 1 1 1 0 1 
1 1 1 1 0 0 0 0 1 0 1 0 0 0 1 
0 1 1 0 0 1 1 0 0 0 0 0 1 1 1 
1 0 0 1 1 0 1 1 0 1 0 1 1 0 1 
0 1 1 0 0 0 1 0 1 1 0 0 1 1 1 
1 1 1 1 0 1 1 1 1 0 1 0 0 0 1 
1 1 1 0 1 1 0 0 0 0 1 1 0 1 0 
0 1 1 0 1 0 0 0 1 1 1 1 1 1 0 
1 0 1 0 1 1 1 1 0 0 0 0 0 0 0 
0 0 1 0 1 1 1 0 0 1 1 1 0 0 0 

Best fitness in final population: 177.78049406770668
Best initial individual:
1 1 0 0 1 1 0 1 1 1 1 0 0 0 0 
0 1 1 0 0 1 0 1 1 1 0 0 0 0 1 
0 1 1 1 0 1 0 0 0 1 0 0 0 0 0 
1 1 0 1 1 0 0 0 1 1 1 1 1 0 1 
0 0 1 0 1 1 1 0 0 0 0 1 1 1 0 
0 0 1 0 0 0 0 0 0 0 1 0 0 1 1 
1 1 0 0 0 1 1 1 1 0 0 1 0 0 0 
0 0 0 1 1 0 0 1 1 0 1 1 1 1 0 
1 0 1 1 0 1 0 1 0 1 0 0 1 1 1 
1 0 0 1 0 0 1 0 1 1 1 1 0 1 0 
1 0 1 0 1 0 1 0 0 0 0 1 0 0 1 
0 0 0 1 1 1 1 1 1 1 0 0 0 0 1 
0 0 0 0 0 0 1 1 0 1 1 1 0 0 0 
0 1 1 0 1 0 1 1 0 1 1 0 1 0 0 
1 1 0 1 0 0 0 0 1 0 0 0 1 1 1 
1 1 0 1 1 0 1 0 0 0 1 1 1 1 1 


real	18m20.511s
user	18m11.486s
sys	0m4.333s
