GA Info:

- Number of variables: 4
- OA Profile: (16, 15, 2, 4)
- Population size: 50
- Fitness evaluations: 500000
- Tournament size: 3
- Mutation probability: 0.2
- Crossover Operator: 0
- Seed: 6120608730966038531
Best fitness in initial population: 270.4837825833808
Best initial individual:
0 0 1 0 0 0 0 1 0 0 0 1 1 0 0 
0 1 0 0 0 1 0 0 1 1 1 0 0 1 1 
1 1 1 0 1 0 1 0 0 0 0 1 0 0 0 
1 0 1 1 1 1 0 0 1 0 1 1 1 1 1 
0 1 0 1 1 0 1 1 1 1 1 0 0 1 0 
0 1 1 0 1 1 1 1 1 0 0 0 1 1 1 
0 0 0 1 0 1 0 0 1 1 0 0 0 1 0 
0 0 1 0 1 1 0 1 0 1 1 0 1 1 0 
0 1 0 1 0 1 0 0 0 0 0 0 0 0 0 
1 1 1 0 0 1 0 0 1 0 0 0 1 0 1 
1 0 0 1 1 1 0 0 1 1 1 1 1 1 1 
1 1 1 1 1 1 1 0 1 1 1 1 1 1 0 
1 0 0 0 0 1 0 1 0 0 0 1 1 0 1 
0 0 1 1 0 0 0 1 1 1 1 1 1 0 1 
1 0 0 1 0 0 1 0 1 1 1 1 0 0 0 
0 1 1 0 0 0 0 0 0 1 0 0 0 0 1 

Best fitness in final population: 181.09965985373054
Best initial individual:
1 1 0 1 1 1 0 1 1 0 0 1 1 1 0 
0 1 0 0 0 1 0 1 1 1 0 1 0 1 1 
1 0 1 0 0 1 0 1 0 1 1 1 1 1 1 
0 0 1 0 1 1 1 1 1 0 1 0 0 0 0 
1 0 1 0 0 0 1 1 1 1 0 0 1 1 0 
1 1 0 0 0 1 0 0 0 1 1 0 0 0 0 
1 0 0 1 1 1 1 0 1 1 1 0 0 1 0 
0 0 1 0 0 0 1 0 1 0 0 0 0 0 1 
0 0 1 1 1 0 1 1 0 0 0 1 1 0 1 
0 1 1 1 1 0 1 0 0 0 0 1 0 1 1 
0 1 0 0 0 1 0 0 1 1 1 0 1 0 0 
0 1 0 1 1 1 0 0 0 0 1 1 0 0 1 
1 1 0 1 0 0 0 1 0 0 0 0 1 1 0 
0 0 0 1 1 0 1 0 0 0 0 0 1 1 0 
1 0 1 0 1 0 0 0 1 1 1 0 1 0 1 
1 0 1 1 0 0 0 1 0 1 1 1 0 0 0 


real	14m16.204s
user	14m4.727s
sys	0m1.626s
