GA Info:

- Number of variables: 4
- OA Profile: (16, 15, 2, 4)
- Population size: 50
- Fitness evaluations: 500000
- Tournament size: 3
- Mutation probability: 0.2
- Crossover Operator: 0
- Seed: -5859557917818084511
Best fitness in initial population: 262.17303836711113
Best initial individual:
0 0 1 0 0 0 1 1 1 1 0 1 1 1 0 
1 0 1 1 0 0 0 0 0 0 1 1 1 0 1 
0 0 1 0 0 0 1 0 0 1 1 0 0 1 1 
1 1 0 1 0 0 0 0 1 1 1 0 0 1 1 
1 1 1 0 1 0 1 0 0 0 0 0 1 0 1 
1 0 0 1 1 1 1 1 0 1 0 0 0 0 0 
0 1 1 0 1 0 1 0 1 1 0 1 1 0 1 
0 0 1 0 0 1 1 1 1 1 0 1 1 0 0 
0 1 0 1 1 0 0 1 1 0 0 0 1 1 0 
1 0 0 1 1 1 0 0 1 1 0 1 0 1 0 
1 1 0 1 0 0 0 1 0 1 1 1 1 1 0 
0 1 1 0 1 0 1 1 1 1 1 1 0 0 0 
0 1 0 1 1 0 1 1 0 0 1 1 1 1 1 
0 0 1 1 0 1 1 0 1 1 0 1 1 1 1 
1 0 0 0 1 1 1 1 1 0 1 1 0 0 1 
1 0 1 1 0 0 0 1 0 0 0 0 0 1 0 

Best fitness in final population: 162.7657432618372
Best initial individual:
1 1 1 0 1 0 1 0 1 0 1 1 0 1 1 
1 1 1 1 1 0 0 1 1 0 0 1 1 1 1 
1 1 0 1 1 1 0 0 1 0 1 0 0 0 1 
0 1 1 0 0 0 0 1 0 1 0 0 1 1 1 
0 1 0 0 0 1 0 0 1 0 1 0 0 1 0 
1 0 1 1 0 1 1 0 0 0 0 1 1 1 0 
1 0 0 1 1 0 0 1 0 1 1 0 1 1 0 
1 1 0 1 1 1 1 0 0 1 0 1 0 0 0 
0 1 1 1 0 0 1 0 1 1 0 0 0 0 1 
1 0 1 0 1 1 1 1 1 0 1 1 1 0 0 
0 1 0 0 1 1 1 1 0 1 1 0 1 0 0 
0 0 1 1 1 0 1 1 1 1 0 1 0 1 1 
1 0 0 0 0 1 0 1 1 1 1 1 0 0 1 
0 0 1 1 0 1 0 0 0 1 0 0 1 0 0 
0 0 0 1 0 0 0 1 0 0 1 1 0 0 0 
0 0 0 0 1 1 0 0 0 0 0 0 1 1 1 


real	18m16.014s
user	18m15.106s
sys	0m1.730s
