GA Info:

- Number of variables: 4
- OA Profile: (16, 15, 2, 4)
- Population size: 50
- Fitness evaluations: 500000
- Tournament size: 3
- Mutation probability: 0.2
- Crossover Operator: 0
- Seed: -2519062162507998268
Best fitness in initial population: 223.36990592850924
Best initial individual:
0 0 0 1 1 1 1 1 1 1 0 1 0 0 0 
0 1 1 1 0 1 0 1 0 0 1 0 0 0 0 
1 0 0 1 0 0 1 1 0 1 1 0 1 0 1 
0 0 0 0 1 0 1 1 1 0 0 0 1 1 1 
0 0 0 1 1 1 1 0 0 0 0 1 1 1 1 
1 1 1 0 0 1 0 1 0 1 1 1 1 1 1 
0 1 1 1 1 0 1 0 0 0 1 1 1 0 0 
1 0 1 0 0 1 0 1 0 1 1 1 0 1 1 
0 1 0 1 1 0 0 1 1 0 0 1 1 1 0 
1 0 0 0 0 1 0 0 0 0 0 1 0 1 0 
1 1 1 0 0 0 1 1 1 1 0 1 0 0 1 
0 1 1 1 0 0 0 0 1 1 1 0 1 1 1 
0 0 0 0 0 0 0 1 1 0 1 0 0 0 0 
0 0 0 0 0 0 0 0 0 1 0 0 0 0 0 
1 1 1 0 0 0 1 0 0 1 1 0 0 1 0 
0 1 1 1 0 1 1 1 0 0 0 0 0 0 1 

Best fitness in final population: 180.13628777473895
Best initial individual:
0 1 0 1 1 0 0 1 0 0 0 0 0 0 0 
1 1 1 0 0 0 1 1 1 1 1 0 0 1 0 
0 0 0 0 1 0 1 1 1 0 0 0 0 1 0 
1 1 1 0 1 1 0 0 0 0 0 1 0 0 0 
0 1 1 1 1 1 1 1 0 1 0 1 0 0 0 
1 1 0 1 0 0 0 0 1 1 1 1 1 0 1 
1 1 0 0 1 0 0 0 1 0 1 0 1 1 1 
0 0 0 1 1 1 1 0 0 1 1 1 0 1 1 
1 0 1 0 0 1 1 1 1 0 0 0 0 1 1 
1 0 0 0 0 1 0 0 0 1 1 0 1 0 0 
0 0 1 1 0 1 0 0 1 0 0 1 1 0 1 
1 0 1 0 1 1 1 0 0 0 1 0 1 0 1 
1 1 1 0 0 0 1 1 0 1 0 1 1 1 1 
0 0 0 1 0 0 0 1 0 0 1 1 1 1 0 
0 1 1 1 0 0 0 0 0 1 1 1 0 1 0 
1 0 0 1 1 1 0 0 1 1 0 0 0 1 1 


real	21m9.051s
user	21m7.051s
sys	0m1.909s
