GA Info:

- Number of variables: 4
- OA Profile: (16, 15, 2, 4)
- Population size: 50
- Fitness evaluations: 500000
- Tournament size: 3
- Mutation probability: 0.2
- Crossover Operator: 0
- Seed: 4273090685058055738
Best fitness in initial population: 249.88958050014776
Best initial individual:
0 1 1 0 0 0 1 0 0 0 0 0 0 1 1 
0 1 0 1 0 0 1 1 0 1 1 1 1 0 1 
1 0 1 1 1 0 0 0 0 0 1 0 0 1 0 
1 0 0 0 0 1 1 1 0 1 1 0 0 1 0 
0 1 0 1 1 1 1 0 0 0 0 0 1 1 0 
0 0 0 0 1 0 0 1 0 1 0 0 1 0 0 
0 1 1 1 0 0 0 0 0 1 1 0 1 0 0 
0 1 1 1 1 1 0 1 1 0 0 0 0 0 1 
1 1 1 0 0 0 0 0 1 1 1 0 1 0 0 
0 0 0 0 1 0 0 0 1 0 0 1 0 0 1 
0 0 0 0 0 1 1 0 0 0 1 0 1 0 0 
1 1 1 0 0 0 1 1 0 1 0 0 1 1 1 
1 1 1 1 0 0 0 1 1 1 0 1 1 0 1 
1 1 1 0 1 1 1 1 1 1 0 1 0 0 0 
1 0 0 0 0 1 0 0 1 0 1 1 0 0 1 
0 0 0 1 1 1 1 0 0 0 1 1 1 0 1 

Best fitness in final population: 167.3574346848225
Best initial individual:
1 1 1 1 0 0 1 0 1 1 0 0 0 0 0 
0 1 0 0 0 1 0 0 1 1 1 0 1 0 0 
1 1 0 1 1 1 0 1 1 1 0 1 0 1 1 
1 0 0 1 1 0 0 1 0 1 1 1 1 0 1 
0 1 0 1 0 0 1 1 0 0 1 1 0 1 1 
0 0 1 1 0 1 0 0 0 1 1 0 0 1 0 
0 0 1 1 0 0 1 0 1 0 0 0 1 1 0 
1 0 0 0 1 0 0 1 1 0 0 0 0 0 0 
0 1 0 0 1 1 1 0 0 0 0 1 0 0 1 
1 0 1 1 1 1 0 1 1 0 1 0 1 0 1 
0 1 0 0 1 1 1 0 1 1 0 1 1 1 1 
0 1 1 1 1 0 0 0 0 0 1 1 1 1 0 
1 1 1 0 0 0 0 1 1 1 0 0 0 1 1 
1 0 0 0 1 1 1 1 0 1 0 0 0 0 0 
1 0 0 0 0 0 1 1 0 0 1 1 1 0 1 
0 0 1 0 0 1 1 1 0 0 0 0 1 1 1 


real	21m51.688s
user	21m48.468s
sys	0m2.371s
