GA Info:

- Number of variables: 4
- OA Profile: (16, 15, 2, 4)
- Population size: 50
- Fitness evaluations: 500000
- Tournament size: 3
- Mutation probability: 0.2
- Crossover Operator: 0
- Seed: 6685364809336349742
Best fitness in initial population: 267.2071236742002
Best initial individual:
1 0 0 0 0 0 0 1 0 1 0 0 0 1 0 
1 0 1 1 0 0 1 0 1 0 0 0 0 1 1 
1 0 1 0 0 1 1 1 1 0 0 0 0 0 1 
0 0 0 0 1 0 1 1 1 1 0 1 1 1 0 
1 1 1 0 1 1 0 1 1 1 0 1 1 0 0 
0 0 0 0 1 1 0 1 1 1 1 1 1 0 0 
0 1 1 1 1 1 1 1 0 1 0 0 0 0 0 
1 1 1 0 1 1 0 0 0 1 1 0 1 0 1 
0 1 1 1 0 1 0 1 0 0 0 1 1 1 0 
1 0 0 0 1 0 0 0 1 0 1 0 1 0 1 
0 1 1 1 0 1 1 1 0 1 1 1 0 0 1 
1 0 0 0 1 0 0 0 0 0 0 0 1 1 1 
0 1 1 0 0 0 1 0 0 1 1 1 1 1 0 
0 1 1 0 0 1 0 1 0 1 1 0 1 1 1 
0 1 0 1 0 0 1 1 1 0 1 0 1 1 0 
1 1 0 1 1 1 1 1 1 0 0 1 0 0 0 

Best fitness in final population: 170.54511180279914
Best initial individual:
0 0 0 0 1 0 1 1 1 0 1 1 0 1 0 
0 1 1 1 0 0 0 1 1 0 1 1 0 1 1 
1 0 0 1 0 0 1 0 1 0 1 0 0 0 0 
0 0 1 1 1 1 0 1 0 0 0 0 0 0 1 
1 0 1 0 0 1 1 1 1 1 1 1 1 0 0 
1 1 0 0 0 1 0 1 1 1 0 1 0 0 0 
1 1 0 0 0 0 0 0 0 1 0 0 1 0 1 
1 1 0 0 1 1 0 1 1 0 1 1 1 1 1 
1 0 0 1 0 0 1 0 0 0 1 0 0 1 1 
0 1 1 0 1 0 1 1 0 1 0 1 1 0 0 
1 0 1 1 1 1 1 1 1 0 0 1 1 0 0 
0 0 1 0 1 1 0 0 0 1 1 0 0 0 1 
0 0 1 0 1 1 1 0 1 1 0 0 0 1 1 
0 1 0 1 1 1 1 0 0 1 0 0 1 1 0 
0 1 0 1 0 0 0 0 0 1 0 1 0 0 0 
1 1 1 0 1 0 0 0 0 0 1 0 1 1 0 


real	19m20.094s
user	19m3.483s
sys	0m2.048s
