GA Info:

- Number of variables: 4
- OA Profile: (16, 15, 2, 4)
- Population size: 50
- Fitness evaluations: 500000
- Tournament size: 3
- Mutation probability: 0.2
- Crossover Operator: 0
- Seed: -8848071651332984924
Best fitness in initial population: 259.85777076949944
Best initial individual:
0 1 1 1 0 1 1 0 1 1 1 1 1 1 0 
1 0 0 1 0 1 1 1 1 0 1 1 1 0 1 
0 1 0 0 1 0 1 1 0 0 1 0 1 1 0 
0 0 1 0 0 1 1 1 1 0 1 1 0 1 1 
1 1 1 0 0 0 0 0 1 1 0 1 1 0 0 
0 1 0 0 0 0 0 0 1 0 1 0 1 1 0 
0 0 0 1 1 1 1 1 1 0 1 1 1 0 0 
0 0 1 1 1 0 0 1 0 1 0 0 1 0 1 
1 1 0 0 1 0 0 1 1 0 1 1 1 0 0 
1 0 0 1 0 1 0 1 0 1 0 0 1 1 1 
1 1 0 0 1 0 0 0 0 0 1 0 0 1 0 
1 1 1 1 1 0 1 0 0 0 1 0 1 1 0 
1 0 0 1 1 0 0 0 0 0 1 1 0 0 1 
0 1 1 1 1 0 1 0 1 1 0 0 1 0 1 
1 0 1 1 1 1 0 1 0 0 0 0 0 1 1 
0 1 0 0 1 1 1 0 0 0 0 1 0 0 1 

Best fitness in final population: 181.93246674455995
Best initial individual:
0 1 0 0 1 0 1 1 1 0 1 1 1 0 0 
1 1 0 1 1 0 0 0 0 1 0 1 1 0 1 
0 1 0 1 1 1 0 1 0 1 0 0 0 0 1 
1 0 1 0 0 1 0 1 1 1 1 0 1 0 0 
1 1 0 1 1 0 0 0 1 0 0 1 1 0 0 
0 0 0 0 1 0 0 0 1 1 1 1 0 0 1 
0 0 1 1 0 1 1 1 0 1 0 0 1 1 0 
0 0 1 0 0 0 1 0 0 1 1 1 1 0 1 
1 0 1 0 0 0 1 1 0 0 0 1 1 0 0 
0 0 0 0 0 0 0 1 1 0 0 0 0 1 0 
0 1 1 0 1 1 1 0 1 1 1 0 0 0 0 
1 0 1 1 0 1 1 0 0 0 0 0 0 1 1 
1 1 1 0 1 1 0 0 1 0 0 0 1 1 1 
0 1 1 1 1 1 1 0 0 0 1 0 0 1 1 
1 0 1 1 0 0 0 1 0 0 1 1 0 0 0 
1 1 0 0 0 1 1 1 0 1 0 1 0 1 1 


real	22m34.592s
user	22m20.239s
sys	0m7.138s
