GA Info:

- Number of variables: 4
- OA Profile: (16, 15, 2, 4)
- Population size: 50
- Fitness evaluations: 500000
- Tournament size: 3
- Mutation probability: 0.2
- Crossover Operator: 0
- Seed: -1132844848108877515
Best fitness in initial population: 250.16619421396487
Best initial individual:
0 1 0 1 0 0 1 0 0 1 1 0 1 0 0 
1 0 0 0 1 1 0 0 0 1 1 0 0 1 0 
1 0 1 1 0 1 1 1 0 1 1 1 1 0 1 
0 1 0 0 1 1 1 1 1 0 0 0 0 0 1 
1 0 0 1 0 0 0 0 0 1 1 1 1 1 0 
1 1 0 1 1 1 1 1 1 0 0 0 0 1 0 
0 1 1 1 0 1 1 0 0 0 1 1 1 1 0 
0 0 1 0 0 1 1 1 1 1 1 1 0 0 1 
1 0 1 0 0 0 0 0 1 1 1 1 0 0 1 
1 1 0 0 0 0 1 0 1 1 0 1 1 0 1 
0 0 1 1 1 0 0 0 0 1 0 0 0 0 0 
0 0 0 1 1 1 0 1 0 0 1 0 0 1 1 
0 0 1 0 1 0 0 1 1 0 0 0 1 0 0 
1 0 0 1 0 1 1 1 0 1 1 1 0 1 0 
1 1 1 0 1 0 1 1 1 0 0 1 0 1 1 
1 1 0 0 1 1 1 1 0 0 1 0 1 0 1 

Best fitness in final population: 170.27707165787146
Best initial individual:
1 1 0 1 0 0 0 0 0 0 1 1 1 0 0 
1 1 0 1 0 1 1 1 1 1 0 0 1 1 0 
0 1 1 0 1 0 1 1 0 0 1 0 1 0 0 
0 0 0 0 0 0 1 1 1 1 0 0 0 1 0 
1 1 0 1 1 1 1 1 0 0 1 0 1 1 1 
1 0 0 0 0 1 0 0 1 0 1 1 1 0 1 
0 1 1 0 0 0 1 0 1 0 1 0 1 1 1 
1 1 1 1 1 1 1 0 0 1 0 0 0 0 0 
1 0 0 1 1 0 1 0 0 0 0 1 1 0 1 
0 1 0 0 1 0 0 0 0 1 0 1 1 0 0 
1 0 1 0 1 1 0 0 1 0 0 0 0 0 1 
1 0 1 1 0 1 0 1 1 1 1 1 0 1 1 
0 1 1 1 1 1 0 1 0 0 0 1 0 1 0 
0 0 1 0 0 0 1 1 0 1 0 0 0 0 1 
1 1 0 0 0 1 0 1 0 1 1 1 0 0 1 
0 0 1 1 1 0 0 0 1 1 0 1 0 1 0 


real	21m0.527s
user	20m52.134s
sys	0m1.858s
