GA Info:

- Number of variables: 4
- OA Profile: (16, 15, 2, 4)
- Population size: 50
- Fitness evaluations: 500000
- Tournament size: 3
- Mutation probability: 0.2
- Crossover Operator: 0
- Seed: -2919480371799897907
Best fitness in initial population: 253.31836342079595
Best initial individual:
1 1 1 0 0 1 1 0 0 1 0 0 1 0 1 
0 1 1 0 0 0 0 1 1 1 1 1 1 0 0 
0 0 0 0 0 0 0 0 0 1 0 1 0 0 0 
1 1 0 1 1 1 0 1 1 0 0 1 0 1 1 
0 0 0 0 0 1 1 1 1 0 1 0 1 1 1 
0 1 0 0 1 0 1 0 1 1 0 1 1 0 0 
0 0 1 1 0 1 0 1 1 0 0 1 1 1 1 
1 0 1 0 1 0 0 1 0 1 1 0 1 0 1 
0 0 0 0 1 0 0 1 0 0 0 1 0 1 1 
0 1 1 1 1 1 1 1 0 1 1 0 0 0 0 
1 1 0 1 0 0 1 0 0 1 0 0 1 0 1 
0 0 0 1 0 1 1 1 1 0 1 0 1 0 1 
0 1 1 1 1 0 1 0 0 0 1 1 1 1 1 
1 0 1 0 1 1 1 0 0 1 0 1 1 1 1 
1 0 0 0 0 1 0 1 1 0 1 0 0 0 0 
1 0 1 0 1 1 1 0 1 0 0 1 1 1 0 

Best fitness in final population: 156.88836109806567
Best initial individual:
0 0 1 1 0 0 0 0 0 0 0 0 0 0 1 
1 1 0 1 1 1 1 1 0 1 0 1 0 1 1 
1 1 0 1 0 0 0 1 1 1 1 0 0 1 1 
0 1 1 0 0 1 0 0 1 1 0 0 1 1 1 
0 0 0 0 0 1 0 0 0 1 1 0 1 1 1 
0 1 1 0 1 0 0 1 1 0 0 1 0 1 0 
1 0 0 0 0 0 1 1 1 1 1 1 0 0 0 
1 0 1 0 1 0 1 0 0 1 1 1 1 0 1 
1 0 0 1 1 0 1 0 1 0 0 0 1 1 0 
0 1 0 1 0 1 0 1 1 0 0 1 0 0 0 
1 0 1 0 1 0 1 1 0 0 1 0 1 0 0 
0 0 0 1 0 1 1 1 0 1 1 1 1 0 0 
1 1 1 0 1 1 0 0 1 0 1 0 1 1 0 
0 1 0 0 1 1 0 0 0 1 0 1 0 0 1 
0 0 1 1 1 1 1 1 1 0 1 1 0 1 1 
1 0 1 1 0 0 1 0 0 0 0 0 0 0 0 


real	22m8.355s
user	21m49.488s
sys	0m6.452s
