GA Info:

- Number of variables: 4
- OA Profile: (16, 15, 2, 4)
- Population size: 50
- Fitness evaluations: 500000
- Tournament size: 3
- Mutation probability: 0.2
- Crossover Operator: 0
- Seed: -2737837923779636514
Best fitness in initial population: 261.91605309452854
Best initial individual:
1 1 1 0 0 1 1 1 0 1 1 0 1 0 0 
0 1 0 1 1 0 0 0 0 1 0 1 1 0 1 
0 1 0 1 1 1 1 0 1 0 1 0 0 0 0 
1 0 0 1 0 0 1 0 0 1 0 1 0 0 0 
1 1 0 1 1 0 0 0 1 1 1 1 0 1 1 
0 1 0 0 0 0 0 0 1 0 0 0 1 0 1 
0 0 0 1 1 1 0 0 1 0 1 0 1 1 0 
0 0 1 0 1 1 0 1 0 1 1 0 0 1 1 
1 1 0 0 0 1 1 1 0 1 1 1 1 0 0 
0 0 0 0 0 0 1 1 0 0 1 1 0 0 0 
0 1 1 1 1 0 1 0 1 0 0 0 0 1 1 
0 0 0 0 1 0 0 1 1 1 0 0 0 0 0 
1 0 1 1 1 0 0 0 0 1 1 0 1 1 1 
1 1 0 1 1 1 0 1 1 1 0 1 1 1 0 
1 0 1 0 0 0 1 0 0 1 1 1 1 1 1 
1 1 1 0 0 1 0 0 1 1 1 0 0 1 0 

Best fitness in final population: 179.85429230801097
Best initial individual:
1 0 0 0 1 1 1 1 1 0 1 1 0 1 0 
0 1 0 0 1 1 1 1 1 0 0 0 0 0 1 
0 0 1 1 0 0 0 0 1 1 0 1 0 1 1 
0 0 0 0 1 0 1 0 1 1 0 1 1 0 1 
1 1 1 1 0 1 0 1 0 0 1 1 0 0 1 
0 0 1 0 1 0 0 0 1 0 1 0 1 1 0 
0 1 0 1 0 0 1 0 0 0 1 1 1 1 0 
1 1 0 0 1 0 0 0 0 0 1 1 0 1 0 
1 1 1 1 1 1 0 1 0 0 0 1 0 0 0 
1 1 0 1 0 1 0 0 0 1 0 0 0 1 1 
1 0 1 1 1 0 0 1 0 1 0 0 1 0 0 
1 0 1 0 0 0 1 1 1 1 1 1 0 0 1 
0 1 0 0 0 1 1 0 1 0 1 0 1 0 0 
0 0 1 1 1 1 0 1 0 0 1 0 0 1 1 
0 1 1 1 0 1 1 0 1 0 0 0 1 0 0 
0 0 0 0 0 0 1 1 0 1 1 0 1 1 1 


real	15m21.412s
user	15m19.658s
sys	0m1.770s
