GA Info:

- Number of variables: 4
- OA Profile: (16, 15, 2, 4)
- Population size: 50
- Fitness evaluations: 500000
- Tournament size: 3
- Mutation probability: 0.2
- Crossover Operator: 0
- Seed: 4124030792810596176
Best fitness in initial population: 231.16156493361055
Best initial individual:
0 1 1 0 0 0 0 0 0 0 0 1 1 1 0 
0 1 0 0 0 0 0 0 1 1 1 1 0 0 1 
1 1 1 0 1 1 0 0 1 0 1 0 1 1 1 
0 0 1 0 0 1 0 1 1 1 0 0 1 1 0 
0 0 1 1 0 0 1 1 0 0 1 1 1 0 0 
1 1 0 1 1 1 1 0 0 0 0 1 1 0 0 
0 0 0 0 0 0 0 1 0 1 0 1 1 0 1 
0 0 1 1 1 1 0 0 1 0 1 0 0 0 1 
1 1 1 1 0 1 1 1 1 1 0 1 1 0 1 
0 0 0 1 1 0 0 0 0 1 1 0 0 1 0 
0 0 1 1 1 1 1 1 0 0 1 0 1 0 0 
1 1 1 0 0 0 0 0 1 1 0 1 0 1 1 
1 0 0 1 1 0 0 1 0 1 1 0 1 0 1 
1 0 0 1 0 0 0 1 0 1 0 0 0 1 1 
1 1 0 0 1 0 1 0 1 1 0 0 0 1 0 
0 0 0 0 0 0 1 1 1 0 1 1 1 1 0 

Best fitness in final population: 175.34704251117535
Best initial individual:
1 1 1 1 1 0 1 1 1 0 0 0 0 0 0 
1 1 0 0 1 0 0 1 0 0 1 0 0 1 0 
0 0 0 0 0 1 1 1 1 0 0 1 1 0 0 
0 0 1 1 0 1 0 1 0 1 1 0 0 1 1 
0 0 0 1 1 1 1 1 0 1 1 1 0 1 1 
0 1 1 1 1 1 0 1 1 1 1 1 1 0 1 
0 0 0 1 1 0 0 0 0 1 1 0 1 0 0 
1 1 0 1 1 1 0 1 0 0 0 1 1 1 0 
1 1 1 0 0 0 1 0 1 1 0 0 1 1 1 
0 1 1 0 0 0 1 1 0 1 1 0 0 0 0 
1 0 0 0 1 0 0 0 0 1 0 1 0 0 1 
1 0 1 0 0 0 0 1 1 0 0 1 1 0 0 
1 0 0 0 0 1 0 0 1 0 1 1 0 0 0 
0 1 0 1 0 1 0 0 1 0 0 0 1 0 1 
1 0 1 0 0 0 1 1 1 0 1 0 1 1 1 
0 1 1 1 1 1 1 0 0 0 1 1 0 1 1 


real	17m45.491s
user	17m44.578s
sys	0m1.650s
