GA Info:

- Number of variables: 4
- OA Profile: (16, 15, 2, 4)
- Population size: 50
- Fitness evaluations: 500000
- Tournament size: 3
- Mutation probability: 0.2
- Crossover Operator: 0
- Seed: 7918070579251187068
Best fitness in initial population: 248.8703292563534
Best initial individual:
1 1 1 1 0 1 1 1 0 1 0 0 1 0 0 
1 0 0 0 1 0 1 1 1 1 0 0 1 0 1 
0 0 1 1 1 0 1 0 1 1 1 1 0 1 1 
0 1 0 1 1 1 1 0 0 0 1 1 1 1 1 
1 0 1 1 0 1 0 1 0 1 1 0 1 1 1 
0 0 1 0 1 0 0 1 1 0 0 1 1 0 0 
1 0 1 1 0 1 0 0 1 0 1 0 1 0 1 
1 0 1 0 0 1 1 1 1 1 0 1 1 0 0 
0 0 1 0 0 1 1 1 0 0 0 1 0 1 1 
0 1 1 0 0 0 1 0 1 0 0 0 0 0 0 
0 0 1 0 0 0 1 0 0 1 1 0 1 1 0 
0 0 0 1 1 1 0 0 0 1 0 0 0 0 0 
0 1 0 1 1 0 1 0 0 1 1 1 0 1 1 
0 1 0 1 0 1 0 0 0 0 0 1 0 1 0 
1 1 1 1 0 1 0 1 1 0 1 1 1 0 0 
1 1 0 1 1 0 0 1 0 0 0 0 1 0 0 

Best fitness in final population: 171.03287936448567
Best initial individual:
0 0 1 1 0 0 1 1 0 1 0 1 1 0 1 
0 1 1 0 1 0 1 1 0 1 1 0 0 1 1 
0 1 1 1 0 0 0 1 1 0 1 1 0 1 1 
1 1 0 0 1 1 0 1 1 1 1 1 0 0 0 
0 0 0 1 1 0 0 0 0 0 0 1 0 1 0 
0 1 1 0 0 1 1 0 0 1 1 1 0 1 1 
1 0 0 0 1 1 1 0 1 1 0 0 0 0 1 
1 0 1 0 0 0 0 0 0 0 1 1 0 0 1 
1 0 1 1 0 1 1 0 1 1 1 0 1 0 0 
1 1 1 1 1 1 0 1 0 1 0 0 1 0 0 
0 1 0 1 1 1 1 1 1 0 0 1 1 0 1 
0 0 1 0 0 0 0 1 1 0 0 0 1 1 0 
1 1 0 1 0 1 1 0 1 1 1 0 1 1 1 
0 0 0 0 1 0 0 0 0 0 1 1 1 0 1 
1 1 0 1 1 0 0 0 0 0 0 0 0 1 0 
0 0 0 0 0 1 0 0 1 1 0 0 1 1 0 


real	22m1.538s
user	21m39.244s
sys	0m2.686s
