GA Info:

- Number of variables: 4
- OA Profile: (16, 15, 2, 4)
- Population size: 50
- Fitness evaluations: 500000
- Tournament size: 3
- Mutation probability: 0.2
- Crossover Operator: 0
- Seed: 5791113692751113926
Best fitness in initial population: 253.4434224689675
Best initial individual:
0 0 0 1 1 1 1 0 0 1 1 0 0 0 0 
0 0 1 0 1 1 0 1 0 1 0 1 1 1 0 
0 0 1 1 1 0 0 1 0 1 1 0 1 0 1 
1 0 1 0 0 1 0 1 0 1 1 1 1 1 0 
1 1 1 0 1 1 0 1 0 0 0 0 0 0 0 
1 0 1 0 0 1 1 1 1 0 0 0 1 1 1 
0 1 0 0 0 0 0 1 1 0 1 1 0 0 0 
1 1 0 1 1 0 1 1 0 1 0 0 0 0 1 
1 1 0 1 0 1 0 0 0 1 1 1 0 1 1 
1 0 1 1 1 0 1 0 1 0 1 0 1 1 1 
1 1 0 1 1 0 1 1 0 1 1 1 1 1 0 
0 0 0 1 1 1 1 1 1 0 0 1 1 0 1 
1 0 0 0 0 0 1 1 1 1 0 0 0 1 1 
1 0 0 1 0 0 0 1 1 1 0 1 0 0 0 
1 1 0 0 0 0 0 0 1 1 1 1 1 1 0 
0 1 0 0 1 1 0 0 0 0 0 0 0 0 0 

Best fitness in final population: 173.03775344775326
Best initial individual:
1 0 1 1 0 0 0 0 0 0 0 0 0 1 0 
1 1 0 1 0 1 0 1 0 0 1 1 0 0 0 
1 0 0 0 1 1 0 0 0 1 0 1 1 1 0 
1 0 0 0 1 0 1 0 1 0 0 1 1 0 0 
0 1 0 1 0 1 0 1 1 0 0 0 0 0 1 
0 0 0 0 0 0 1 1 0 1 1 1 1 0 1 
0 0 0 1 0 1 0 0 0 1 0 0 1 0 1 
0 1 1 1 1 0 1 0 0 1 0 1 1 1 1 
1 1 1 1 0 1 0 1 1 1 0 0 1 0 0 
1 1 1 0 1 1 0 0 1 0 1 0 1 0 1 
1 1 0 1 0 1 1 0 1 0 0 1 0 1 0 
0 0 1 0 0 1 0 1 1 1 0 1 0 0 1 
0 1 1 1 1 0 1 1 0 0 1 1 0 1 1 
0 1 0 1 1 0 1 0 1 1 1 0 0 1 1 
0 0 1 0 0 0 1 1 0 0 1 1 1 1 0 
1 0 1 0 1 1 1 1 1 1 1 0 1 1 0 


real	21m56.256s
user	21m53.005s
sys	0m2.629s
