GA Info:

- Number of variables: 4
- OA Profile: (16, 15, 2, 4)
- Population size: 50
- Fitness evaluations: 500000
- Tournament size: 3
- Mutation probability: 0.2
- Crossover Operator: 0
- Seed: 3650370790641061185
Best fitness in initial population: 241.24664037152107
Best initial individual:
0 0 0 0 0 1 1 1 0 0 0 0 1 1 0 
0 0 1 1 0 1 1 0 0 0 1 1 1 1 1 
1 1 1 0 1 1 1 1 1 1 1 0 1 0 0 
0 1 0 1 1 0 1 0 1 0 1 1 0 1 0 
0 1 0 1 0 0 1 1 0 0 0 0 0 0 1 
0 1 0 0 0 1 0 0 0 1 1 0 1 1 0 
1 1 0 0 0 0 0 1 0 1 0 1 0 1 1 
1 0 0 0 0 0 1 0 1 0 1 1 0 0 1 
0 1 1 1 1 1 0 0 0 0 0 1 1 1 1 
1 0 1 1 0 0 1 1 1 1 1 0 1 1 0 
1 0 0 0 1 1 0 0 0 1 1 1 0 1 1 
0 0 0 0 1 1 0 1 0 1 1 1 0 0 1 
0 1 0 1 0 1 1 0 1 1 1 1 0 0 0 
1 1 1 0 1 0 1 1 1 1 0 0 0 0 0 
0 1 1 0 0 0 1 1 1 0 0 1 0 0 1 
1 1 1 0 1 0 0 0 1 0 0 0 1 1 0 

Best fitness in final population: 170.94399135553127
Best initial individual:
1 1 1 0 0 0 0 1 0 0 0 0 1 1 0 
1 1 1 1 0 0 0 0 1 0 0 1 0 1 0 
1 1 1 0 1 1 1 0 1 0 1 1 0 1 0 
0 1 1 0 1 1 0 1 0 0 0 1 0 1 1 
1 0 0 0 1 1 1 0 1 0 0 0 1 1 1 
1 0 1 1 0 1 1 0 0 0 1 0 0 0 1 
0 0 0 1 0 0 1 1 1 1 0 1 0 1 0 
0 1 1 1 1 0 1 1 0 0 1 1 1 0 1 
0 0 0 0 0 1 1 1 1 0 1 1 1 0 1 
0 0 1 1 1 1 0 1 1 1 0 1 0 0 0 
0 1 0 0 0 1 1 1 0 1 1 0 0 0 0 
1 1 0 1 1 1 0 1 0 0 1 1 1 0 0 
1 1 0 0 1 0 0 0 0 1 0 0 0 0 0 
0 0 0 0 0 1 0 0 0 1 1 1 1 0 1 
1 0 0 1 1 0 1 0 1 1 1 0 1 1 1 
0 1 1 1 0 1 1 0 0 1 0 0 1 1 1 


real	14m17.418s
user	14m13.892s
sys	0m1.989s
