GA Info:

- Number of variables: 4
- OA Profile: (16, 15, 2, 4)
- Population size: 50
- Fitness evaluations: 500000
- Tournament size: 3
- Mutation probability: 0.2
- Crossover Operator: 0
- Seed: -2562856340224525047
Best fitness in initial population: 260.1156898237757
Best initial individual:
1 0 1 0 0 0 0 1 1 1 0 0 1 0 0 
0 0 0 1 0 0 0 1 1 0 0 0 1 1 0 
1 1 0 1 1 1 0 1 0 0 0 1 1 0 0 
1 0 0 0 1 1 1 0 1 1 1 0 1 1 0 
0 0 1 1 0 0 1 1 0 1 0 0 1 0 0 
1 0 1 0 1 1 0 0 0 0 1 1 0 1 0 
0 1 1 0 0 1 1 0 0 1 1 1 1 1 1 
0 1 0 0 1 1 1 1 0 1 0 1 0 0 1 
1 1 0 1 1 1 1 0 0 1 0 0 0 1 0 
1 0 1 0 0 0 1 0 0 0 0 0 1 0 1 
0 1 1 1 1 1 1 1 1 0 0 1 0 1 1 
0 1 1 1 0 0 0 0 1 1 0 0 0 0 1 
0 0 1 0 1 0 1 1 0 1 1 0 1 0 1 
1 0 1 1 0 0 0 0 0 1 1 0 1 0 0 
0 1 0 1 0 1 0 0 0 0 1 1 1 1 1 
1 0 0 1 1 0 1 1 0 0 1 0 1 1 1 

Best fitness in final population: 178.1617694208039
Best initial individual:
0 1 0 1 1 1 0 0 0 0 0 0 0 1 0 
1 1 1 0 0 0 1 1 0 1 0 0 1 1 0 
0 1 0 0 1 0 1 1 0 0 1 0 0 1 1 
0 1 0 1 1 0 1 0 1 0 1 1 0 0 1 
1 0 0 1 1 0 0 1 1 1 0 1 0 0 0 
0 1 1 0 0 1 0 1 1 1 0 1 1 0 1 
1 1 0 0 0 1 1 0 0 1 1 0 1 0 1 
0 0 0 1 1 1 1 1 0 1 0 0 0 0 1 
0 0 1 0 0 0 1 0 1 0 0 0 1 0 0 
0 1 0 0 0 1 0 1 0 0 0 1 0 1 1 
1 0 1 0 1 0 0 1 1 1 1 0 1 1 1 
1 1 0 1 0 1 1 0 0 1 1 1 0 0 0 
1 0 1 1 0 0 0 1 1 0 1 1 0 1 1 
1 0 0 0 0 1 1 0 1 0 0 0 0 1 0 
0 0 0 1 0 0 0 0 1 1 1 0 1 1 0 
1 0 1 0 0 1 0 0 0 0 1 1 1 0 0 


real	18m35.008s
user	18m14.601s
sys	0m1.866s
