GA Info:

- Number of variables: 4
- OA Profile: (16, 15, 2, 4)
- Population size: 50
- Fitness evaluations: 500000
- Tournament size: 3
- Mutation probability: 0.2
- Crossover Operator: 0
- Seed: -4795201231723993587
Best fitness in initial population: 250.0420556493742
Best initial individual:
0 1 0 1 0 1 1 1 0 0 1 0 1 0 0 
0 0 0 1 0 0 1 1 0 0 0 1 0 1 1 
1 1 0 1 0 1 0 0 1 1 0 0 1 0 0 
1 0 0 1 1 0 0 1 1 0 1 0 0 1 1 
0 0 0 1 0 1 0 1 1 0 0 1 0 0 0 
1 1 1 1 0 0 1 0 1 1 0 1 0 0 1 
0 1 0 1 1 0 0 1 0 1 0 1 1 1 1 
0 1 1 0 0 0 1 1 0 1 1 0 1 1 1 
1 0 0 0 1 1 1 0 0 0 1 0 1 1 0 
1 0 0 0 1 0 0 0 1 1 1 0 0 0 1 
0 1 1 0 1 1 0 0 1 1 0 1 1 1 1 
0 1 0 0 1 0 1 1 0 0 0 1 0 0 1 
1 0 1 0 0 0 1 1 0 0 1 1 1 1 1 
0 0 0 1 0 0 0 0 1 1 1 1 0 0 0 
0 1 0 0 1 1 1 0 1 0 1 0 1 0 1 
1 0 1 1 0 1 1 1 0 0 0 1 1 1 0 

Best fitness in final population: 165.44768283303577
Best initial individual:
1 1 1 0 0 1 1 0 0 0 0 1 0 1 0 
0 1 0 1 0 0 0 1 1 0 1 1 0 1 1 
1 1 1 0 0 0 1 1 1 0 0 0 0 0 1 
0 0 1 1 1 1 1 1 0 1 1 1 0 0 1 
0 0 0 1 0 1 1 1 1 1 0 0 1 1 1 
1 1 1 0 1 0 0 0 1 1 1 0 1 1 1 
0 0 0 1 1 1 1 1 0 1 0 0 0 0 1 
1 0 0 0 0 0 0 0 0 1 1 1 0 0 1 
1 1 1 1 0 0 0 1 1 0 0 0 0 0 0 
1 0 0 1 0 0 1 1 0 0 1 1 0 1 0 
0 1 1 0 0 1 0 0 0 0 0 1 1 0 1 
0 1 1 1 1 1 1 0 1 0 1 1 0 0 0 
1 0 0 0 0 1 1 0 1 1 0 0 1 1 0 
0 0 0 1 1 0 0 0 0 0 1 0 1 0 0 
0 1 1 0 1 1 0 1 0 1 1 0 1 1 0 
0 0 1 0 0 0 0 0 1 1 0 1 1 1 0 


real	12m43.232s
user	12m43.480s
sys	0m0.920s
