GA Info:

- Number of variables: 4
- OA Profile: (16, 15, 2, 4)
- Population size: 50
- Fitness evaluations: 500000
- Tournament size: 3
- Mutation probability: 0.2
- Crossover Operator: 0
- Seed: 6024268046759270743
Best fitness in initial population: 244.29033159953545
Best initial individual:
1 1 1 0 0 1 1 0 0 0 0 0 0 0 1 
0 0 1 0 1 1 1 0 0 1 1 0 0 0 0 
0 1 0 1 0 0 1 0 1 0 0 0 1 1 1 
1 0 0 0 0 1 0 1 1 0 1 1 0 1 1 
1 1 1 0 0 1 0 1 0 1 1 0 1 1 1 
1 0 1 1 1 1 1 1 0 0 1 0 1 1 1 
0 0 0 0 1 0 0 1 0 0 1 1 1 0 0 
0 1 0 1 0 0 0 1 1 0 0 0 1 1 1 
1 1 1 1 0 0 1 1 1 0 1 1 0 0 0 
1 1 1 0 1 0 0 0 0 0 0 1 0 1 1 
0 0 1 1 0 0 0 1 1 0 1 0 0 1 0 
0 0 0 1 0 1 1 1 1 1 0 1 1 0 0 
1 1 0 1 1 0 0 1 0 0 1 0 1 0 1 
1 1 0 0 1 1 1 1 1 1 1 1 0 0 1 
1 0 1 1 0 0 0 0 0 1 0 1 1 1 1 
1 0 1 0 1 1 1 0 1 1 1 1 1 1 0 

Best fitness in final population: 182.66281806747196
Best initial individual:
1 1 1 1 0 0 1 1 0 0 0 0 1 0 0 
1 0 1 1 1 1 0 0 1 0 0 0 1 0 1 
1 1 1 0 0 0 0 0 1 1 1 1 0 0 0 
0 0 0 0 0 0 1 1 0 1 1 1 0 0 1 
1 1 0 1 1 1 0 0 0 0 1 0 0 0 1 
0 0 1 0 1 1 1 0 1 0 0 1 1 0 1 
0 0 1 1 1 0 0 1 1 0 0 1 1 1 0 
1 1 0 1 0 0 0 1 0 1 0 0 1 0 0 
1 0 1 0 1 1 1 1 1 0 1 0 1 1 1 
1 0 0 0 1 0 0 1 0 1 1 0 1 0 1 
1 1 0 0 0 0 1 0 1 0 0 1 0 1 0 
0 1 0 1 0 0 0 0 1 1 1 1 1 1 1 
0 1 0 1 0 1 1 1 1 0 1 0 1 1 1 
0 0 1 0 1 1 1 0 0 1 0 0 0 1 0 
1 1 0 0 0 1 0 0 1 1 0 1 0 1 0 
0 0 1 1 1 1 1 0 0 1 1 0 0 1 0 


real	15m36.161s
user	15m34.278s
sys	0m1.900s
