GA Info:

- Number of variables: 4
- OA Profile: (16, 15, 2, 4)
- Population size: 50
- Fitness evaluations: 500000
- Tournament size: 3
- Mutation probability: 0.2
- Crossover Operator: 0
- Seed: -6217988296348310147
Best fitness in initial population: 260.9299807023116
Best initial individual:
0 0 1 1 0 1 1 0 0 1 0 1 0 1 0 
0 0 0 0 1 1 0 1 1 1 0 1 1 1 1 
1 0 1 1 0 0 0 0 1 0 1 0 1 1 0 
0 0 1 1 0 0 1 1 1 0 0 1 0 0 1 
1 1 0 1 0 0 1 0 0 0 0 1 1 0 0 
1 1 1 1 1 0 0 1 0 1 1 0 1 1 1 
1 1 0 0 0 1 1 0 1 0 0 1 0 1 1 
0 1 0 0 1 1 1 1 0 0 1 0 0 0 1 
1 0 0 0 0 0 1 0 0 1 0 1 0 1 1 
0 0 1 0 1 0 0 0 1 1 1 1 1 0 0 
0 1 1 0 0 0 0 1 0 1 1 1 0 0 0 
1 1 1 1 1 1 1 0 1 1 1 0 0 0 1 
1 0 0 0 1 0 0 1 0 1 0 1 0 1 0 
0 1 1 1 0 0 0 0 0 0 0 1 0 1 0 
0 1 1 1 0 0 0 1 0 0 0 0 1 0 0 
0 1 1 1 1 1 1 1 0 1 0 0 1 0 1 

Best fitness in final population: 184.1748151225485
Best initial individual:
1 0 1 0 1 0 0 0 0 1 1 0 1 0 1 
0 1 1 0 1 1 0 1 0 0 0 1 0 1 1 
1 0 0 0 0 0 1 1 1 0 1 0 0 0 1 
0 0 0 1 0 0 0 1 0 1 0 0 0 0 1 
0 1 1 1 0 0 1 0 0 1 0 1 1 0 0 
0 1 0 1 0 1 1 0 1 0 1 0 1 1 0 
1 0 0 1 1 1 1 1 0 1 0 1 0 0 0 
1 1 0 1 0 0 0 1 0 0 0 1 1 1 0 
0 0 1 0 0 0 1 1 0 0 1 1 0 1 0 
1 0 0 1 1 1 1 0 1 0 0 1 0 1 1 
0 0 1 0 1 1 0 0 1 0 0 1 0 1 0 
0 0 1 1 0 1 1 0 1 1 0 1 1 0 0 
0 1 0 0 1 0 1 0 0 0 0 0 0 1 1 
1 1 1 0 1 0 0 0 1 0 1 1 0 0 0 
1 1 1 1 0 1 0 1 1 1 1 0 1 1 1 
0 0 0 1 1 1 0 1 1 1 1 0 1 1 1 


real	21m42.319s
user	21m28.524s
sys	0m6.050s
