GA Info:

- Number of variables: 4
- OA Profile: (16, 15, 2, 4)
- Population size: 50
- Fitness evaluations: 500000
- Tournament size: 3
- Mutation probability: 0.2
- Crossover Operator: 0
- Seed: -8309462979443496191
Best fitness in initial population: 265.8258142329479
Best initial individual:
1 0 1 1 0 1 1 0 0 0 0 0 1 1 0 
0 1 1 0 1 1 1 1 1 1 0 1 1 1 1 
1 0 0 0 0 0 0 0 1 1 0 1 0 1 0 
0 0 1 0 0 0 0 1 0 1 1 0 0 1 0 
1 1 1 1 0 1 0 0 1 0 1 0 1 1 0 
0 0 1 1 0 1 0 0 0 0 1 0 0 0 0 
1 1 0 1 0 0 1 0 0 1 0 1 1 0 1 
1 1 1 0 0 1 0 0 1 0 0 1 0 0 0 
1 0 0 1 1 0 0 0 1 1 0 0 0 1 0 
1 0 0 1 1 1 1 1 0 1 1 0 0 1 0 
0 0 0 0 1 0 0 0 1 0 0 1 1 1 1 
0 1 0 1 0 1 0 0 0 0 1 0 0 0 1 
1 1 1 1 0 0 1 1 0 1 0 0 1 1 1 
0 0 0 1 0 0 0 0 1 1 1 0 1 0 1 
1 1 0 0 1 0 0 1 0 1 0 1 0 0 1 
1 0 1 0 0 0 1 1 1 0 1 1 1 0 1 

Best fitness in final population: 167.23003928710867
Best initial individual:
1 1 0 0 1 1 1 1 1 1 1 1 1 1 0 
1 0 1 1 0 1 1 0 0 0 0 1 1 1 0 
0 0 1 0 1 0 1 1 0 1 1 0 1 0 1 
1 1 1 1 1 0 0 1 1 0 0 0 0 0 1 
0 0 1 1 1 0 1 0 1 1 0 1 0 0 0 
1 1 0 0 0 0 1 0 1 1 1 0 1 1 1 
0 0 0 0 0 0 0 0 0 1 1 0 1 1 1 
0 0 0 1 1 0 1 1 0 0 0 1 0 1 1 
1 0 1 0 0 1 0 1 1 1 0 0 0 1 0 
0 1 0 1 1 0 0 1 0 0 0 1 0 1 0 
1 1 1 1 1 0 0 1 1 0 1 1 1 0 0 
0 1 0 0 0 1 0 0 0 1 0 1 1 0 0 
0 0 1 1 0 1 1 0 1 1 0 0 1 0 1 
1 1 1 0 0 1 0 0 0 0 1 0 0 0 0 
0 0 1 0 0 1 1 1 1 1 1 0 0 0 1 
1 1 1 1 1 1 1 0 0 0 1 1 0 1 1 


real	22m31.312s
user	22m16.469s
sys	0m10.165s
