GA Info:

- Number of variables: 4
- OA Profile: (16, 15, 2, 4)
- Population size: 50
- Fitness evaluations: 500000
- Tournament size: 3
- Mutation probability: 0.2
- Crossover Operator: 2
- Seed: -7191625119604159074
Best fitness in initial population: 132.0
Best initial individual:
1 1 0 0 1 1 1 1 1 1 1 0 0 1 0 
1 0 0 0 1 0 0 0 1 0 0 1 1 0 0 
0 1 1 0 0 0 1 1 1 1 0 0 0 1 1 
1 0 1 1 1 0 0 0 0 1 1 1 0 0 0 
0 1 1 0 1 1 1 0 1 0 0 1 1 1 1 
1 1 0 0 0 0 0 1 1 0 1 1 0 1 1 
1 0 1 1 0 1 1 0 0 0 1 1 1 1 1 
1 0 0 0 0 0 1 1 1 0 0 0 1 0 0 
1 1 0 1 1 1 0 0 0 0 0 1 0 0 1 
0 1 1 0 1 0 0 1 0 0 1 0 1 1 0 
0 0 0 1 0 1 1 1 0 0 1 0 0 0 1 
1 0 1 1 0 1 1 1 1 1 0 1 1 1 0 
0 1 1 1 1 1 1 0 0 1 1 0 0 0 0 
0 0 1 1 0 1 0 1 0 1 0 0 1 0 1 
0 0 0 0 1 0 0 0 1 1 0 0 1 1 0 
0 1 0 1 0 0 0 0 0 1 1 1 0 0 1 

Best fitness in final population: 36.0
Best initial individual:
0 0 0 0 0 1 1 0 0 0 1 0 1 0 0 
0 0 1 1 0 1 0 1 0 1 0 0 0 1 1 
1 1 1 1 0 1 0 0 1 0 1 0 0 1 1 
1 1 1 0 1 1 0 0 0 1 0 1 1 1 0 
1 1 0 0 0 1 1 1 1 1 1 1 1 1 1 
0 1 1 0 1 0 0 1 1 0 1 0 1 0 0 
0 0 0 0 1 0 0 0 1 1 1 1 0 1 0 
1 0 1 0 1 1 1 1 0 0 1 1 0 0 0 
0 0 0 1 1 1 0 0 1 0 0 1 1 0 1 
0 1 0 0 0 0 0 1 0 0 0 1 0 0 1 
1 0 0 1 1 0 0 1 0 1 1 0 1 1 1 
0 1 0 1 1 1 1 1 1 1 0 0 0 0 0 
0 1 1 1 0 0 1 0 0 1 1 1 1 0 1 
1 0 1 1 0 0 1 1 1 0 0 1 1 1 0 
1 0 1 0 0 0 1 0 1 1 0 0 0 0 1 
1 1 0 1 1 0 1 0 0 0 0 0 0 1 0 


real	14m46.756s
user	14m42.426s
sys	0m1.548s
