GA Info:

- Number of variables: 4
- OA Profile: (16, 15, 2, 4)
- Population size: 50
- Fitness evaluations: 500000
- Tournament size: 3
- Mutation probability: 0.2
- Crossover Operator: 2
- Seed: -2275305866854098250
Best fitness in initial population: 128.0
Best initial individual:
1 1 1 1 1 0 1 0 0 1 1 1 0 1 0 
0 1 0 1 1 0 0 1 1 0 0 1 1 1 1 
1 0 0 0 1 0 1 1 1 0 1 1 0 0 0 
1 0 0 1 0 1 1 1 1 0 0 0 0 1 0 
0 1 0 0 0 0 1 1 1 1 1 0 0 1 1 
0 0 0 1 0 1 1 0 1 1 0 0 1 0 0 
0 0 1 0 0 0 0 0 1 0 1 1 1 1 1 
1 0 0 1 1 1 0 1 0 0 1 1 1 0 1 
1 1 1 1 0 1 1 0 0 1 0 0 1 0 1 
0 0 1 1 1 0 0 0 0 1 1 1 1 0 1 
0 0 1 0 0 1 1 0 0 1 0 0 0 0 0 
1 1 0 0 0 1 0 0 0 0 1 0 1 1 0 
0 1 1 0 1 1 1 1 0 0 0 1 1 1 1 
1 1 1 1 1 0 0 0 1 1 1 0 0 1 0 
0 1 1 0 1 0 0 1 0 0 0 0 0 0 0 
1 0 0 0 0 1 0 1 1 1 0 1 0 0 1 

Best fitness in final population: 34.0
Best initial individual:
0 0 0 0 0 0 0 1 1 1 1 0 1 0 1 
1 1 0 0 0 0 1 1 0 1 0 1 0 0 1 
1 1 0 1 1 1 1 1 1 0 1 0 0 1 1 
0 1 1 0 1 0 1 1 1 0 0 1 1 1 1 
1 0 1 1 0 0 0 0 1 1 0 0 0 1 1 
1 0 1 0 1 0 1 0 0 0 1 0 1 0 1 
1 1 1 1 0 0 0 0 1 0 1 1 1 1 0 
0 1 1 0 1 1 0 0 1 1 1 1 0 0 1 
1 0 0 0 0 1 0 1 0 0 1 1 0 1 0 
0 1 0 1 1 0 0 1 0 0 0 0 0 0 0 
0 0 0 1 0 1 0 0 0 0 0 1 1 0 1 
0 0 0 1 1 0 1 0 0 1 1 1 0 1 0 
0 1 1 1 0 1 1 1 0 1 1 0 1 1 0 
1 0 1 1 1 1 1 1 1 1 0 1 1 0 0 
0 0 1 0 0 1 1 0 1 0 0 0 0 0 0 
1 1 0 0 1 1 0 0 0 1 0 0 1 1 0 


real	17m52.041s
user	17m43.638s
sys	0m3.109s
