GA Info:

- Number of variables: 4
- OA Profile: (16, 15, 2, 4)
- Population size: 50
- Fitness evaluations: 500000
- Tournament size: 3
- Mutation probability: 0.2
- Crossover Operator: 2
- Seed: 1789007226388928193
Best fitness in initial population: 136.0
Best initial individual:
0 0 0 0 0 1 0 0 0 1 1 1 1 1 0 
0 1 0 0 0 1 0 1 1 0 1 0 0 0 0 
1 0 1 1 1 0 1 0 0 0 0 1 1 0 1 
1 0 0 0 0 1 0 0 0 1 1 0 0 1 1 
1 1 0 0 1 0 1 0 1 1 0 0 0 0 0 
1 0 1 0 0 1 1 1 0 1 1 1 0 0 0 
0 1 1 1 0 1 0 0 1 0 0 0 1 0 0 
0 0 1 0 0 0 0 1 1 1 0 1 0 1 1 
1 1 1 1 1 0 0 0 1 1 1 0 1 1 1 
1 0 1 1 1 0 1 1 1 0 0 0 0 1 0 
0 1 1 1 1 1 0 1 0 0 0 0 0 1 1 
0 1 0 1 0 1 1 1 0 1 0 1 1 0 0 
0 1 0 0 1 0 1 1 0 1 1 1 0 0 1 
1 0 0 1 0 1 0 0 1 0 1 1 1 1 0 
0 0 0 1 1 0 1 1 0 0 0 0 1 0 1 
1 1 1 0 1 0 1 0 1 0 1 1 1 1 1 

Best fitness in final population: 20.0
Best initial individual:
0 0 0 1 1 1 1 1 0 1 1 0 0 0 1 
0 1 0 0 1 0 0 0 0 0 0 0 1 0 1 
0 0 0 0 0 0 1 1 1 0 1 0 1 1 0 
1 0 1 0 1 1 1 0 1 1 0 0 0 1 1 
1 0 1 0 0 0 1 0 0 0 1 1 1 0 1 
0 1 1 1 1 0 1 0 1 1 1 1 1 0 0 
0 1 0 0 0 1 0 1 1 1 1 1 0 1 1 
1 1 1 1 1 0 0 1 1 0 1 0 1 1 1 
0 0 1 0 1 0 0 1 0 1 0 1 1 1 0 
0 1 1 1 0 1 1 1 0 0 0 1 0 1 1 
1 0 0 1 1 1 0 0 0 0 1 1 0 1 0 
1 1 1 0 0 1 0 0 0 1 1 0 0 0 0 
1 0 0 1 0 0 0 1 1 1 0 1 1 0 1 
1 1 0 0 1 1 1 1 1 0 0 1 0 0 0 
1 1 0 1 0 0 1 0 0 1 0 0 1 1 0 
0 0 1 1 0 1 0 0 1 0 0 0 0 0 0 


real	19m47.010s
user	19m32.611s
sys	0m2.807s
