GA Info:

- Number of variables: 4
- OA Profile: (16, 15, 2, 4)
- Population size: 50
- Fitness evaluations: 500000
- Tournament size: 3
- Mutation probability: 0.2
- Crossover Operator: 2
- Seed: 4669183786299105378
Best fitness in initial population: 134.0
Best initial individual:
0 0 0 1 0 1 0 1 0 1 1 1 0 0 0 
0 0 0 0 0 0 1 0 1 1 0 0 1 0 1 
1 0 0 1 1 0 1 0 1 1 0 1 1 1 1 
1 1 1 1 0 0 0 1 0 0 1 1 0 0 0 
1 0 1 0 1 1 0 1 1 1 1 1 1 1 0 
0 1 1 0 0 1 1 0 1 0 0 1 1 0 0 
1 1 1 0 1 0 1 1 0 0 0 0 1 0 1 
1 1 0 1 0 1 0 1 0 1 0 1 1 1 1 
1 0 1 1 0 0 1 1 1 0 1 0 0 1 1 
0 0 0 1 1 0 0 1 1 0 0 0 0 1 1 
1 1 0 0 1 1 1 0 0 0 1 0 0 0 0 
0 0 1 0 0 0 1 0 0 0 1 1 1 1 0 
0 1 0 1 0 0 0 1 0 1 0 0 1 0 1 
0 1 1 0 1 1 1 0 1 1 1 0 0 0 0 
0 1 1 1 1 1 0 0 1 0 1 1 0 1 1 
1 0 0 0 1 1 0 0 0 1 0 0 0 1 0 

Best fitness in final population: 48.0
Best initial individual:
0 0 1 0 0 0 0 1 1 1 1 1 0 1 1 
1 0 1 0 0 1 1 1 0 1 0 0 1 1 1 
1 1 0 0 1 1 1 1 1 0 0 1 1 0 1 
0 1 1 1 1 0 1 1 0 0 1 1 0 0 1 
1 0 1 1 1 1 0 1 0 0 0 1 0 1 0 
1 0 0 1 0 0 1 1 1 1 1 1 1 0 0 
0 0 0 0 1 0 1 0 1 0 0 0 0 1 1 
0 0 1 1 1 1 0 0 0 1 1 0 1 0 1 
1 1 0 0 0 0 0 0 0 1 0 1 0 0 1 
1 0 1 0 1 0 0 0 0 0 1 0 1 0 0 
0 0 1 1 0 1 1 0 1 0 0 1 0 0 0 
0 1 0 0 0 1 0 1 1 1 1 0 0 0 0 
0 1 0 0 1 1 1 0 0 1 1 1 0 1 0 
1 1 1 1 0 0 1 0 1 1 0 0 1 1 0 
1 1 0 1 0 1 0 0 1 0 1 0 1 1 1 
0 1 0 1 1 0 0 1 0 0 0 0 1 1 0 


real	15m18.722s
user	15m10.905s
sys	0m3.937s
