GA Info:

- Number of variables: 4
- OA Profile: (16, 15, 2, 4)
- Population size: 50
- Fitness evaluations: 500000
- Tournament size: 3
- Mutation probability: 0.2
- Crossover Operator: 2
- Seed: -5415937997339178750
Best fitness in initial population: 126.0
Best initial individual:
1 1 1 1 0 1 1 1 0 0 1 1 0 1 0 
0 0 0 1 0 1 0 1 1 1 1 1 1 1 1 
1 0 1 0 0 0 0 1 0 0 0 1 1 0 0 
1 0 0 0 1 0 1 0 1 0 0 1 1 1 1 
1 1 1 1 1 0 0 0 1 1 1 1 1 1 0 
1 0 0 1 0 0 0 1 0 1 1 0 1 1 0 
0 1 0 1 0 0 1 0 1 1 1 0 1 0 1 
0 1 0 0 1 1 0 1 1 1 0 1 0 1 0 
1 0 0 0 1 1 1 0 0 0 0 0 1 0 0 
0 1 1 0 0 0 1 0 0 0 1 0 1 1 0 
0 0 1 1 0 0 1 1 1 0 1 0 0 0 1 
1 0 0 1 1 1 1 1 0 0 1 1 0 1 1 
0 1 0 1 1 0 0 0 0 1 0 0 0 0 0 
0 0 1 0 1 1 0 0 0 0 0 0 0 0 1 
0 1 1 0 0 1 0 0 1 1 0 1 0 0 1 
1 1 1 0 1 1 1 1 1 1 0 0 0 0 1 

Best fitness in final population: 30.0
Best initial individual:
0 1 0 0 0 0 1 0 1 0 0 0 1 1 1 
1 1 0 1 0 1 1 1 0 1 0 0 1 1 0 
0 0 1 0 1 1 0 0 0 1 0 0 1 1 0 
1 0 1 1 1 0 1 0 1 0 0 1 0 1 0 
0 0 1 0 0 0 1 1 1 1 0 0 0 0 0 
1 0 1 0 0 0 1 0 0 1 1 1 0 1 1 
1 1 0 1 1 0 0 0 1 1 1 0 0 0 0 
1 0 1 0 0 1 0 1 1 1 1 1 1 0 1 
0 1 0 1 1 1 1 0 1 1 1 1 1 0 1 
1 1 0 0 1 0 1 1 0 0 1 1 1 0 0 
0 0 1 1 1 0 1 1 0 0 1 0 0 0 1 
1 0 1 1 1 1 0 1 1 0 0 0 1 1 1 
0 0 1 1 0 1 0 0 0 0 1 1 1 0 0 
0 1 0 1 1 0 0 1 0 1 0 1 0 1 1 
0 1 0 0 0 1 0 1 1 0 1 1 0 1 0 
1 1 0 0 0 1 0 0 0 0 0 0 0 0 1 


real	21m5.936s
user	20m44.877s
sys	0m3.607s
