GA Info:

- Number of variables: 4
- OA Profile: (16, 15, 2, 4)
- Population size: 50
- Fitness evaluations: 500000
- Tournament size: 3
- Mutation probability: 0.2
- Crossover Operator: 2
- Seed: -1449071859238307571
Best fitness in initial population: 132.0
Best initial individual:
1 1 0 1 0 0 1 1 0 1 0 1 1 1 1 
1 1 0 1 0 0 0 0 1 1 0 0 0 0 0 
1 1 1 0 1 1 1 0 1 0 0 1 0 0 0 
0 1 0 1 1 0 1 0 1 1 1 1 0 0 0 
0 1 1 1 0 1 0 1 0 0 1 0 0 0 1 
0 0 1 0 1 1 1 0 1 0 1 0 0 0 0 
0 0 1 1 0 1 0 1 1 1 0 1 1 1 1 
1 0 1 0 1 0 0 0 0 0 0 0 1 1 0 
0 0 1 0 1 0 1 0 0 1 1 0 1 1 1 
1 0 1 0 0 0 1 1 1 1 0 0 0 1 0 
1 0 0 1 1 0 0 0 0 1 1 1 1 1 1 
1 1 0 0 0 1 1 0 0 0 1 1 1 1 1 
0 1 1 1 0 1 0 1 1 0 1 1 1 1 1 
0 1 0 1 1 1 1 1 0 0 0 0 1 0 0 
1 0 0 0 1 1 0 1 1 1 1 0 0 0 1 
0 0 0 0 0 0 0 1 0 0 0 1 0 0 0 

Best fitness in final population: 36.0
Best initial individual:
0 1 0 0 0 0 1 1 0 0 1 0 1 0 0 
1 1 1 1 0 0 1 0 1 1 1 0 1 1 0 
1 0 1 0 0 0 1 1 0 1 1 1 0 1 1 
0 0 0 1 0 0 0 0 1 1 1 1 0 0 1 
1 1 0 1 1 0 1 1 1 0 0 1 1 0 1 
1 0 1 0 1 1 1 0 1 1 0 0 1 0 1 
1 0 0 1 0 1 1 1 0 1 0 1 1 1 0 
0 1 1 1 0 1 0 1 0 1 0 0 0 0 1 
0 1 1 0 1 1 0 1 1 1 1 1 1 1 0 
0 0 0 1 1 1 1 0 0 0 1 0 1 1 1 
0 0 1 1 1 0 0 1 1 0 0 0 0 1 0 
0 1 0 0 0 1 1 0 1 0 0 1 0 1 0 
0 0 1 0 1 0 0 0 0 0 0 1 1 0 1 
1 0 0 0 0 1 0 1 1 0 1 0 0 0 1 
1 1 1 1 1 1 0 0 0 0 1 1 0 0 0 
1 1 0 0 1 0 0 0 0 1 0 0 0 1 0 


real	12m43.214s
user	12m43.135s
sys	0m1.540s
