GA Info:

- Number of variables: 4
- OA Profile: (16, 15, 2, 4)
- Population size: 50
- Fitness evaluations: 500000
- Tournament size: 3
- Mutation probability: 0.2
- Crossover Operator: 2
- Seed: 4356632381328434875
Best fitness in initial population: 130.0
Best initial individual:
0 0 1 1 0 0 0 1 0 1 0 0 0 0 0 
1 1 0 1 0 0 0 1 1 0 0 0 0 1 0 
0 1 1 1 1 1 0 0 1 0 1 1 1 1 0 
0 0 1 1 1 0 1 0 0 1 1 1 0 1 1 
0 1 1 0 1 1 0 0 0 1 0 0 0 1 1 
0 1 0 1 0 0 0 1 0 0 1 1 1 0 1 
1 1 1 0 1 1 1 1 0 0 1 1 1 0 0 
1 0 0 1 1 0 1 0 1 0 1 0 1 0 0 
1 1 0 1 1 1 1 1 1 1 0 1 1 1 1 
1 0 1 1 0 1 1 1 0 1 1 0 1 1 1 
1 0 1 0 0 1 1 0 1 0 0 0 1 0 1 
0 1 1 0 0 0 1 0 1 1 0 1 0 0 0 
0 1 0 0 1 0 0 1 0 1 1 1 1 0 0 
1 0 0 0 1 1 0 0 1 0 0 1 0 1 1 
0 0 0 0 0 1 1 0 1 1 1 0 0 1 0 
1 0 0 0 0 0 0 1 0 0 0 0 0 0 1 

Best fitness in final population: 38.0
Best initial individual:
0 0 1 0 0 0 1 1 0 1 1 0 0 0 1 
0 1 0 0 0 0 1 0 0 1 0 1 1 0 0 
0 0 0 0 0 0 0 1 1 0 1 1 1 1 1 
1 1 1 0 1 1 1 0 1 0 1 1 0 0 1 
1 0 0 1 1 0 1 0 0 1 1 0 0 1 0 
1 1 1 0 1 0 0 0 1 0 1 0 1 1 0 
1 0 0 1 1 1 0 0 0 1 1 1 1 0 0 
0 1 1 1 1 0 1 1 0 1 0 1 1 1 1 
1 1 0 1 0 1 1 1 0 0 1 1 0 1 0 
1 1 1 1 0 1 0 1 1 1 1 0 1 0 1 
0 1 0 0 1 1 0 0 0 1 0 0 0 1 1 
1 0 1 0 0 1 0 1 1 1 0 1 0 1 0 
1 0 0 0 1 1 1 1 0 0 0 0 1 0 0 
0 0 1 1 0 1 1 0 1 0 0 0 1 1 1 
0 0 1 1 1 0 0 0 1 0 0 1 0 0 1 
0 1 0 1 0 0 0 1 1 0 0 0 0 0 0 


real	19m38.844s
user	19m25.877s
sys	0m3.827s
