GA Info:

- Number of variables: 4
- OA Profile: (16, 15, 2, 4)
- Population size: 50
- Fitness evaluations: 500000
- Tournament size: 3
- Mutation probability: 0.2
- Crossover Operator: 2
- Seed: -4795201231723993587
Best fitness in initial population: 128.0
Best initial individual:
0 0 1 0 1 0 0 0 0 1 1 0 0 1 1 
1 1 0 0 1 0 0 0 1 0 0 0 0 0 0 
1 1 0 1 0 0 0 1 1 0 0 1 1 0 1 
0 1 1 0 0 1 0 1 0 0 0 0 0 0 1 
1 0 0 1 1 0 1 0 0 1 0 1 1 0 0 
0 0 1 1 0 1 0 0 1 0 1 0 0 0 1 
1 0 0 1 1 0 0 1 1 0 1 1 0 1 0 
0 1 1 0 1 1 1 1 0 0 1 0 1 1 1 
0 1 1 0 1 1 1 1 0 1 0 0 1 0 0 
1 0 1 1 1 1 1 0 1 0 0 1 0 0 0 
1 1 0 1 0 1 0 1 0 1 1 0 0 1 0 
0 0 0 1 1 0 1 1 1 1 1 0 1 1 1 
1 0 0 0 0 1 1 0 0 1 1 1 1 0 1 
0 0 0 0 0 0 0 0 0 0 1 1 1 1 0 
0 1 1 0 0 1 1 0 1 1 0 1 1 1 0 
1 1 1 1 0 0 1 1 1 1 0 1 0 1 1 

Best fitness in final population: 24.0
Best initial individual:
1 0 1 1 1 0 0 1 1 1 0 0 1 1 1 
0 1 0 1 0 0 0 1 1 0 1 1 1 1 0 
0 1 1 1 1 0 1 1 0 0 0 1 0 0 1 
1 0 0 0 1 0 0 1 1 1 1 1 0 0 1 
1 0 1 0 1 0 1 0 0 0 1 1 1 1 0 
0 1 0 0 1 1 0 0 0 0 0 1 1 0 1 
0 0 0 0 0 1 1 1 0 1 1 0 1 1 1 
0 0 1 0 0 0 0 0 0 1 0 0 0 0 0 
1 1 1 0 0 1 1 1 1 1 0 1 1 0 0 
0 1 1 0 1 1 0 1 1 0 1 0 0 1 0 
0 0 0 1 1 1 1 0 1 1 0 1 0 1 0 
0 0 1 1 0 1 1 0 1 0 1 0 1 0 1 
1 1 1 1 0 1 0 0 0 1 1 1 0 1 1 
1 1 0 0 0 0 1 0 1 0 0 0 0 1 1 
1 1 0 1 1 0 1 0 0 1 1 0 1 0 0 
1 0 0 1 0 1 0 1 0 0 0 0 0 0 0 


real	12m29.858s
user	12m30.230s
sys	0m0.880s
