GA Info:

- Number of variables: 4
- OA Profile: (16, 15, 2, 4)
- Population size: 50
- Fitness evaluations: 500000
- Tournament size: 3
- Mutation probability: 0.2
- Crossover Operator: 2
- Seed: -2919480371799897907
Best fitness in initial population: 132.0
Best initial individual:
1 0 0 1 0 0 1 0 0 0 0 0 1 1 0 
0 1 1 1 0 1 0 0 0 0 0 0 0 0 1 
0 1 1 0 1 0 1 0 0 1 0 0 1 1 0 
0 1 1 0 0 1 1 0 1 0 1 1 1 0 0 
0 0 1 0 1 1 0 1 1 1 1 1 1 0 1 
0 0 0 1 1 0 1 1 1 1 0 0 1 0 1 
1 0 0 0 0 1 1 0 0 1 0 1 1 0 1 
1 1 1 0 1 1 1 1 1 1 1 1 0 1 0 
1 1 0 1 0 0 0 0 1 0 0 1 0 1 1 
1 0 0 1 0 1 1 1 1 0 1 0 1 0 1 
0 0 1 1 1 0 0 1 0 1 0 1 0 1 0 
1 1 0 1 1 1 0 0 1 1 0 1 0 0 0 
1 0 1 0 0 0 1 1 1 1 1 0 0 0 1 
1 1 0 0 1 0 0 1 0 0 1 0 1 1 0 
0 0 0 0 1 1 0 0 0 0 1 1 0 1 1 
0 1 1 1 0 0 0 1 0 0 1 0 0 1 0 

Best fitness in final population: 26.0
Best initial individual:
1 1 0 1 0 0 1 0 1 1 1 0 1 1 1 
1 1 1 0 1 1 1 0 1 1 1 1 0 0 1 
0 1 0 0 1 0 1 1 0 0 1 0 1 1 0 
0 0 1 0 0 1 1 1 1 0 1 0 0 0 1 
1 0 0 1 1 1 0 1 0 0 1 1 0 1 1 
0 1 1 1 1 1 0 0 0 1 1 0 0 0 0 
0 0 0 1 0 0 0 0 1 0 1 1 1 0 0 
0 1 1 0 1 0 0 0 1 0 0 1 1 1 1 
0 1 1 1 0 0 1 1 0 1 0 1 1 0 1 
0 0 0 0 0 1 0 0 0 1 0 0 0 1 1 
0 0 0 1 1 1 1 1 1 1 0 1 0 1 0 
1 0 0 0 1 0 0 1 1 1 0 0 1 0 1 
1 0 1 0 0 0 0 1 0 1 1 1 1 1 0 
1 1 0 0 0 1 1 0 0 0 0 1 0 0 0 
1 1 1 1 0 1 0 1 1 0 0 0 0 1 0 
1 0 1 1 1 0 1 0 0 0 0 0 1 0 0 


real	19m41.041s
user	19m30.475s
sys	0m4.480s
