GA Info:

- Number of variables: 4
- OA Profile: (16, 15, 2, 4)
- Population size: 50
- Fitness evaluations: 500000
- Tournament size: 3
- Mutation probability: 0.2
- Crossover Operator: 2
- Seed: -4209274721100340837
Best fitness in initial population: 130.0
Best initial individual:
0 1 0 1 1 0 1 1 0 1 1 0 1 1 1 
1 0 1 0 1 0 0 0 1 1 1 0 0 1 1 
0 1 1 0 1 0 1 0 0 0 0 1 1 0 0 
1 1 1 0 1 1 1 1 1 1 1 1 1 0 0 
0 1 0 1 0 0 0 0 1 1 1 1 1 0 0 
1 0 1 1 0 1 0 1 1 0 1 1 1 0 0 
0 0 0 0 0 1 0 1 0 1 0 1 1 0 1 
0 1 0 0 0 1 0 0 0 0 0 0 1 0 0 
0 0 0 1 1 0 1 1 1 0 0 0 0 1 0 
0 1 1 1 0 0 1 1 1 0 0 0 0 1 1 
1 0 0 1 1 0 0 1 0 1 0 0 0 1 0 
1 1 1 1 0 1 1 1 1 0 1 1 0 1 1 
1 0 1 1 0 1 0 0 0 0 0 1 0 1 1 
1 0 0 0 0 1 1 0 0 1 1 0 1 1 0 
1 1 1 0 1 1 0 0 0 0 0 0 0 0 1 
0 0 0 0 1 0 1 0 1 1 1 1 0 0 1 

Best fitness in final population: 24.0
Best initial individual:
0 1 1 0 0 1 1 0 1 1 1 0 0 0 0 
0 0 1 1 0 0 1 0 0 0 0 1 1 0 0 
0 0 0 0 0 0 0 1 1 1 0 1 0 0 1 
0 0 1 1 1 1 0 0 1 1 0 0 1 1 1 
0 0 0 0 1 1 1 1 0 0 0 0 0 1 0 
1 1 0 0 1 0 0 0 1 0 0 0 1 0 0 
1 1 1 0 1 1 1 0 0 0 0 1 0 0 1 
1 0 0 1 0 1 0 0 1 0 1 1 0 1 0 
1 0 0 1 1 1 1 1 1 1 1 1 1 0 1 
1 1 1 1 0 0 1 1 1 0 0 0 0 1 1 
0 1 0 1 0 1 0 1 0 0 1 0 1 0 1 
1 0 1 1 1 0 0 1 0 1 1 0 0 0 0 
1 1 1 0 0 1 0 1 0 1 0 1 1 1 0 
0 1 0 1 1 0 1 0 0 1 1 1 0 1 0 
0 1 1 0 1 0 0 1 1 0 1 1 1 1 1 
1 0 0 0 0 0 1 0 0 1 1 0 1 1 1 


real	20m27.168s
user	20m15.165s
sys	0m2.009s
