GA Info:

- Number of variables: 4
- OA Profile: (16, 15, 2, 4)
- Population size: 50
- Fitness evaluations: 500000
- Tournament size: 3
- Mutation probability: 0.2
- Crossover Operator: 1
- Seed: -4097588068080765888
Best fitness in initial population: 130.0
Best initial individual:
1 1 0 0 1 1 0 0 1 0 1 0 1 1 1 
0 0 1 0 0 1 0 0 0 0 0 0 0 1 0 
0 1 0 1 1 1 0 0 1 0 0 1 1 0 1 
0 0 0 0 1 0 0 1 0 1 1 1 1 0 0 
0 1 0 1 1 1 1 1 0 1 0 1 0 1 1 
1 1 1 0 0 1 0 1 0 0 0 0 0 0 1 
0 0 0 0 0 0 1 0 1 0 1 1 1 0 0 
1 1 1 0 0 1 1 0 1 1 0 1 0 1 0 
0 0 0 1 0 0 0 1 1 1 1 1 1 1 0 
1 0 0 1 0 1 1 1 1 1 0 0 1 0 1 
1 1 1 1 1 0 1 1 0 0 1 1 0 0 1 
1 1 1 0 1 0 1 0 0 1 1 0 1 1 1 
0 1 1 1 1 0 0 0 1 1 1 0 1 0 0 
1 0 1 1 1 0 0 1 1 0 0 1 0 1 0 
1 0 1 1 0 1 1 0 0 0 1 0 0 0 1 
0 0 0 0 0 0 1 1 0 1 0 0 0 1 0 

Best fitness in final population: 42.0
Best initial individual:
1 1 0 0 1 1 0 0 1 0 1 0 1 1 1 
0 0 0 0 0 1 1 0 0 0 0 1 0 1 0 
0 1 0 1 0 1 1 0 1 1 1 0 0 0 0 
0 0 0 0 1 1 0 1 0 0 1 1 1 0 0 
0 1 0 1 1 0 0 0 0 1 0 0 0 1 1 
1 1 1 0 0 0 0 1 0 0 0 0 0 0 0 
0 0 1 0 0 0 0 0 1 0 1 1 0 0 1 
1 1 1 0 1 0 1 0 1 0 0 1 1 1 0 
0 1 0 1 0 0 0 1 1 1 1 1 1 1 0 
0 0 0 1 0 0 1 1 1 1 0 0 1 0 1 
1 1 1 1 1 1 1 1 0 1 1 1 0 1 1 
0 1 1 0 0 1 1 1 0 0 1 0 1 1 1 
1 0 1 1 1 0 1 0 0 1 1 0 1 0 0 
1 0 1 1 1 1 0 1 1 1 0 0 0 1 0 
1 0 1 1 0 1 0 0 0 1 0 1 1 0 1 
1 0 0 0 1 0 1 1 1 0 0 1 0 0 1 


real	19m23.844s
user	19m6.971s
sys	0m4.684s
