GA Info:

- Number of variables: 4
- OA Profile: (16, 15, 2, 4)
- Population size: 50
- Fitness evaluations: 500000
- Tournament size: 3
- Mutation probability: 0.2
- Crossover Operator: 1
- Seed: 6024268046759270743
Best fitness in initial population: 126.0
Best initial individual:
0 0 0 1 1 1 1 1 0 1 0 1 1 1 0 
1 1 1 1 1 0 1 0 0 1 0 0 1 1 1 
1 1 1 0 1 1 0 0 0 1 1 0 0 0 0 
0 1 0 0 0 1 0 1 0 0 1 1 0 1 1 
1 0 0 1 1 0 1 1 1 0 1 0 0 0 0 
0 0 1 0 0 0 0 0 1 0 1 0 1 1 0 
1 0 0 1 1 1 0 1 1 1 1 1 1 0 1 
1 0 1 0 0 1 0 0 1 1 1 1 1 0 0 
1 1 1 1 0 1 1 1 0 0 1 1 1 0 1 
0 1 0 1 0 0 0 0 1 1 0 0 0 1 0 
1 0 0 1 0 1 1 0 1 0 0 0 0 0 1 
0 0 1 0 1 0 1 1 0 0 1 0 0 0 1 
1 1 0 1 0 0 0 1 1 0 0 1 1 1 0 
0 1 0 0 0 0 1 0 0 1 0 1 1 1 1 
0 1 1 0 1 0 0 0 0 0 0 1 0 0 0 
0 0 1 0 1 1 1 1 1 1 0 0 0 1 1 

Best fitness in final population: 36.0
Best initial individual:
0 0 1 1 0 0 1 1 0 0 1 0 1 0 0 
1 1 1 1 1 0 1 0 1 0 0 0 0 1 0 
0 0 0 1 1 1 0 1 0 1 1 0 0 0 0 
0 1 1 0 1 1 0 0 0 0 1 0 1 1 0 
1 1 1 1 1 1 1 1 0 0 0 1 1 0 1 
1 1 0 0 1 0 0 0 1 1 1 0 1 0 0 
0 1 0 1 0 0 0 0 0 1 0 1 0 0 1 
1 0 0 0 1 1 1 0 0 1 0 1 1 0 1 
1 1 0 0 0 0 1 1 0 1 0 0 0 1 0 
0 0 1 0 1 0 0 1 1 0 0 1 1 1 1 
0 0 0 0 1 0 1 1 1 1 1 1 0 1 1 
1 0 1 0 0 1 0 1 1 0 0 0 0 0 0 
1 1 0 1 0 1 0 1 1 1 1 1 1 1 1 
1 0 1 1 0 0 0 0 0 0 1 1 0 1 1 
0 1 1 0 0 1 1 0 1 0 1 1 0 0 1 
0 0 0 1 0 1 1 0 1 1 0 0 1 1 0 


real	15m24.891s
user	15m13.753s
sys	0m1.677s
