GA Info:

- Number of variables: 4
- OA Profile: (16, 15, 2, 4)
- Population size: 50
- Fitness evaluations: 500000
- Tournament size: 3
- Mutation probability: 0.2
- Crossover Operator: 1
- Seed: -6217988296348310147
Best fitness in initial population: 136.0
Best initial individual:
0 1 0 0 1 1 0 0 1 1 0 1 0 0 1 
1 0 1 0 0 1 1 0 0 0 1 1 1 1 0 
1 1 1 1 0 0 0 1 0 0 1 0 0 0 0 
0 0 0 0 0 0 0 0 1 0 0 0 1 1 1 
0 0 0 0 0 0 0 1 0 0 0 0 0 0 0 
1 0 1 0 0 1 1 1 1 1 1 1 0 1 0 
1 1 1 1 1 1 1 1 0 0 0 0 1 1 0 
1 0 0 1 1 1 1 0 0 1 1 1 1 0 1 
0 1 0 0 1 0 1 0 0 1 1 0 1 0 1 
0 1 1 1 0 0 1 0 1 0 0 0 1 0 0 
1 0 0 1 0 1 0 1 0 1 1 1 1 1 1 
1 1 1 0 1 1 0 0 0 1 1 1 0 1 1 
1 0 1 0 1 0 1 1 1 1 0 0 1 1 1 
0 1 1 1 0 1 1 1 1 1 0 1 0 0 1 
0 1 0 1 1 0 0 0 1 0 1 0 0 1 0 
0 0 0 1 1 0 0 1 1 0 0 1 0 0 0 

Best fitness in final population: 26.0
Best initial individual:
1 0 1 0 1 1 0 1 1 1 1 1 0 1 1 
1 1 1 0 0 0 1 0 1 0 1 0 0 0 1 
1 1 0 1 1 1 0 0 0 0 1 1 0 0 0 
0 0 1 1 1 1 0 1 1 0 1 0 1 0 1 
0 0 0 1 0 1 0 0 1 1 0 0 0 0 0 
1 0 0 1 1 0 1 0 1 1 0 1 1 1 1 
1 1 0 0 0 1 0 1 1 0 0 1 1 0 0 
0 1 1 1 0 0 1 0 1 0 1 1 1 1 0 
0 0 1 0 1 0 1 0 0 0 0 1 0 0 0 
0 1 0 0 1 0 1 1 1 1 1 0 0 1 0 
0 0 0 0 0 0 1 1 0 1 1 1 1 0 1 
1 1 1 1 1 0 1 1 0 1 0 0 1 0 0 
1 0 1 0 0 1 0 0 0 1 1 0 1 1 0 
1 0 0 1 0 0 1 1 0 0 0 0 0 1 1 
0 1 1 1 0 1 0 1 0 1 0 1 0 1 1 
0 1 0 0 1 1 0 0 0 0 0 0 1 1 1 


real	21m12.078s
user	20m50.953s
sys	0m5.850s
