GA Info:

- Number of variables: 4
- OA Profile: (16, 15, 2, 4)
- Population size: 50
- Fitness evaluations: 500000
- Tournament size: 3
- Mutation probability: 0.2
- Crossover Operator: 1
- Seed: -6703691454155965528
Best fitness in initial population: 138.0
Best initial individual:
1 0 0 1 1 0 0 1 0 0 1 0 1 1 1 
1 0 0 0 1 0 0 1 1 0 0 1 0 0 1 
0 0 0 0 0 1 1 1 1 1 1 0 1 1 0 
0 1 0 0 1 1 1 1 0 1 0 1 1 0 1 
1 1 0 1 1 1 0 1 1 0 0 0 0 0 0 
1 0 1 1 1 1 0 0 1 0 1 0 1 1 0 
0 0 1 1 1 1 1 1 1 1 1 1 0 0 0 
0 1 1 0 1 0 1 0 0 1 0 1 0 1 1 
0 1 1 0 0 0 0 1 0 1 0 0 1 0 0 
0 1 1 1 0 0 1 0 0 0 1 1 1 1 0 
0 1 0 0 0 1 0 0 1 0 0 1 0 0 0 
1 1 0 1 0 0 1 0 0 0 0 0 0 1 1 
1 0 1 0 0 0 1 1 1 1 1 1 1 1 1 
1 0 1 1 0 0 0 0 0 1 1 0 0 0 1 
0 0 0 1 1 1 1 0 0 0 1 1 1 0 0 
1 1 1 0 0 1 0 0 1 1 0 0 0 1 1 

Best fitness in final population: 44.0
Best initial individual:
0 0 0 0 0 0 0 1 1 1 1 1 0 0 0 
1 1 0 1 0 0 0 0 0 1 0 0 1 0 0 
1 1 0 1 1 0 1 1 1 1 0 1 0 1 1 
1 0 0 1 1 1 0 0 1 0 1 1 1 0 1 
1 0 1 0 0 0 1 0 1 0 1 0 1 1 0 
0 1 1 0 1 1 0 0 1 1 0 0 0 1 0 
1 0 1 1 1 1 1 0 0 1 1 1 0 1 0 
0 1 1 1 1 0 0 1 0 0 1 1 1 1 0 
0 1 0 0 0 1 1 0 0 1 1 1 1 1 1 
0 1 0 1 1 0 1 0 1 0 1 0 0 0 1 
0 0 0 1 0 1 1 1 1 0 0 0 0 1 0 
1 0 0 0 1 0 0 1 0 0 0 0 1 1 1 
0 0 1 1 1 1 1 1 0 1 0 0 1 0 1 
1 1 1 0 0 1 1 1 0 0 0 1 1 0 0 
0 0 1 0 0 0 0 0 0 0 0 1 0 0 1 
1 1 1 0 0 1 0 1 1 1 1 0 0 0 1 


real	20m43.364s
user	20m24.633s
sys	0m2.487s
