GA Info:

- Number of variables: 4
- OA Profile: (16, 15, 2, 4)
- Population size: 50
- Fitness evaluations: 500000
- Tournament size: 3
- Mutation probability: 0.2
- Crossover Operator: 1
- Seed: 8686981310795145137
Best fitness in initial population: 134.0
Best initial individual:
1 0 0 1 1 1 0 0 1 1 0 1 0 1 0 
0 1 0 0 0 1 1 1 0 1 1 0 1 1 0 
0 1 0 1 0 0 0 1 0 0 0 0 0 0 0 
1 1 0 0 1 1 1 1 0 0 0 1 1 0 1 
0 0 1 0 1 0 1 0 0 0 0 1 0 0 1 
1 0 1 0 0 0 0 1 1 0 1 1 1 1 1 
0 1 0 1 1 1 0 0 0 0 0 0 0 1 1 
0 0 1 1 0 0 0 0 1 1 1 0 0 0 1 
0 0 0 1 1 0 1 0 1 1 1 1 1 1 0 
1 1 1 0 0 0 1 1 1 0 0 1 0 1 0 
0 0 1 0 1 0 1 1 0 1 1 0 1 0 0 
1 0 0 1 0 1 0 1 1 1 1 1 0 1 0 
1 0 1 1 1 1 1 0 0 0 0 0 1 0 0 
1 1 1 1 0 1 1 0 0 1 1 1 1 0 1 
0 1 0 0 1 1 0 1 1 1 1 0 0 0 1 
1 1 1 0 0 0 0 0 1 0 0 0 1 1 1 

Best fitness in final population: 30.0
Best initial individual:
0 0 0 0 0 0 1 0 0 0 1 1 1 1 1 
1 1 1 0 0 1 1 0 1 1 0 1 1 1 0 
1 0 0 1 1 0 0 1 0 1 0 1 1 1 0 
0 1 1 1 1 0 0 0 1 0 1 1 1 0 0 
0 0 1 1 0 1 0 0 0 1 1 0 0 1 0 
0 0 0 1 1 1 1 1 1 1 1 0 1 1 1 
1 0 1 0 1 1 0 1 1 0 0 0 1 0 1 
1 1 1 0 1 0 1 1 0 0 1 0 0 1 0 
1 1 0 1 0 0 0 0 1 0 0 0 0 1 1 
0 1 1 0 0 0 0 1 1 1 1 1 0 0 1 
0 1 0 0 0 1 0 1 0 0 0 0 1 0 0 
0 1 1 1 1 1 1 1 0 0 0 1 0 1 1 
0 0 0 0 1 0 1 0 1 1 0 0 0 0 0 
1 1 1 1 0 0 1 0 0 1 0 0 1 0 1 
1 0 0 0 1 1 0 0 0 1 1 1 0 0 1 
1 0 0 1 0 1 1 1 1 0 1 1 0 0 0 


real	18m52.062s
user	18m44.286s
sys	0m3.020s
