GA Info:

- Number of variables: 4
- OA Profile: (16, 15, 2, 4)
- Population size: 50
- Fitness evaluations: 500000
- Tournament size: 3
- Mutation probability: 0.2
- Crossover Operator: 1
- Seed: -784395933810871918
Best fitness in initial population: 138.0
Best initial individual:
0 1 1 0 0 1 0 1 1 1 0 0 1 0 1 
1 1 0 1 1 1 1 1 1 1 1 0 1 0 0 
1 0 0 0 1 0 1 0 0 1 0 0 1 0 0 
1 0 0 1 0 1 0 1 0 0 1 1 0 1 0 
1 0 0 1 1 1 1 0 0 0 1 1 1 1 1 
1 0 1 0 1 0 0 0 0 0 1 1 0 0 1 
0 1 0 0 1 0 1 0 1 0 0 0 0 0 1 
1 0 1 0 0 1 1 0 1 0 0 0 0 1 0 
0 1 1 1 1 0 0 1 0 0 0 0 1 1 1 
0 1 1 1 0 0 1 0 0 0 1 1 0 0 1 
0 1 1 1 0 1 1 1 0 1 0 0 0 1 1 
1 0 1 0 1 1 1 1 1 1 0 1 1 1 0 
0 1 1 1 0 1 0 0 1 1 1 1 1 0 0 
1 1 0 1 0 0 0 1 1 0 1 1 0 1 0 
0 0 0 0 1 0 0 1 1 1 1 1 0 0 1 
0 0 0 0 0 0 0 0 0 1 0 0 1 1 0 

Best fitness in final population: 36.0
Best initial individual:
1 1 1 1 0 1 1 1 1 1 0 0 0 1 0 
0 1 0 0 0 0 1 1 1 1 0 1 1 0 1 
1 0 1 0 1 0 0 1 0 1 1 1 0 1 0 
0 0 1 0 0 1 1 0 0 0 1 1 0 1 1 
0 1 0 0 0 0 0 0 1 1 1 0 0 1 0 
0 0 0 1 1 0 1 1 1 0 1 0 1 1 1 
1 0 1 1 0 0 0 0 1 0 0 1 1 1 0 
1 0 0 0 1 0 1 0 0 0 0 0 0 0 0 
1 0 0 1 1 1 0 0 1 1 1 1 0 0 1 
0 1 0 1 0 1 0 1 0 0 1 0 0 0 0 
0 0 0 1 1 1 1 0 0 1 0 1 1 1 0 
0 0 1 0 1 1 0 0 1 1 0 0 1 0 1 
0 1 1 1 1 0 0 1 0 0 0 1 0 0 1 
1 1 1 1 0 0 1 0 0 1 1 0 1 0 1 
1 1 0 0 0 1 0 1 0 0 0 0 1 1 1 
1 1 1 0 1 1 1 1 1 0 1 1 1 0 0 


real	20m47.561s
user	20m37.029s
sys	0m2.630s
