GA Info:

- Number of variables: 4
- OA Profile: (16, 15, 2, 4)
- Population size: 50
- Fitness evaluations: 500000
- Tournament size: 3
- Mutation probability: 0.2
- Crossover Operator: 1
- Seed: 6051086236322607173
Best fitness in initial population: 126.0
Best initial individual:
0 1 1 1 1 1 1 1 1 0 0 1 1 1 1 
0 0 1 0 0 0 0 1 0 1 0 0 1 1 0 
0 0 1 1 1 0 1 0 0 0 0 0 0 0 1 
1 1 1 1 1 0 1 1 1 1 0 1 0 1 1 
1 1 0 0 0 0 0 0 0 0 1 0 0 1 1 
1 1 1 1 1 0 0 0 0 0 1 1 1 0 0 
1 0 0 1 0 1 0 0 0 1 0 1 1 1 0 
0 0 1 0 1 1 0 1 1 1 0 0 0 0 1 
0 0 0 1 0 1 0 0 0 0 1 1 0 0 1 
1 1 1 0 0 0 1 1 1 1 1 1 1 0 0 
0 1 0 0 0 0 1 0 0 0 0 1 0 1 0 
0 0 0 1 1 0 1 1 0 1 1 0 0 1 0 
0 1 0 0 1 1 1 0 1 0 1 0 1 0 0 
1 0 0 0 0 1 1 1 1 1 1 0 1 1 1 
1 1 0 1 0 1 0 1 1 1 0 0 1 0 1 
1 0 1 0 1 1 0 0 1 0 1 1 0 0 0 

Best fitness in final population: 50.0
Best initial individual:
1 0 0 1 1 0 1 1 0 0 1 1 0 0 0 
0 1 0 0 0 1 1 1 0 0 0 1 1 1 0 
0 1 1 1 1 1 0 1 1 0 1 1 1 0 1 
0 0 0 1 1 0 0 1 1 1 1 0 1 1 0 
0 0 0 0 1 1 1 0 0 1 0 1 0 0 1 
1 0 1 0 1 0 0 1 0 1 0 1 1 0 1 
1 1 0 0 0 0 1 1 1 1 1 0 0 1 1 
0 1 1 1 0 0 0 0 0 1 0 1 0 1 1 
1 0 0 0 0 1 0 0 1 0 1 1 1 1 1 
0 1 0 1 1 0 1 0 1 0 0 0 0 0 1 
0 0 1 0 0 0 1 0 1 1 1 0 1 0 0 
1 1 1 0 1 0 0 0 0 0 0 0 1 1 0 
1 1 1 1 1 1 1 0 1 1 1 1 0 1 0 
0 0 1 0 0 1 0 1 1 0 1 0 0 0 0 
1 0 1 1 0 1 1 1 0 0 0 0 0 1 1 
1 1 0 1 0 1 0 0 0 1 0 0 1 0 0 


real	14m18.616s
user	14m5.474s
sys	0m2.874s
