GA Info:

- Number of variables: 4
- OA Profile: (16, 15, 2, 4)
- Population size: 50
- Fitness evaluations: 500000
- Tournament size: 3
- Mutation probability: 0.2
- Crossover Operator: 1
- Seed: 3553754683488667257
Best fitness in initial population: 134.0
Best initial individual:
1 0 1 0 0 1 1 0 1 1 0 1 1 1 1 
1 0 1 1 0 1 1 1 0 1 1 1 1 1 0 
0 0 0 1 0 1 1 1 0 0 0 1 1 1 0 
1 1 0 1 0 0 1 0 1 1 0 0 0 1 0 
1 1 1 0 0 0 0 1 0 0 0 1 0 1 1 
0 1 0 0 1 1 1 1 0 0 0 0 0 0 0 
0 0 0 0 1 0 0 1 0 1 1 1 0 1 1 
1 1 0 1 0 0 1 0 1 1 1 1 1 0 1 
0 1 0 1 1 1 0 0 0 1 0 0 1 1 0 
1 1 1 1 1 0 0 0 0 0 0 0 0 0 0 
1 1 1 0 0 1 0 1 1 0 1 0 1 0 1 
0 0 0 1 1 0 0 1 1 0 1 1 1 0 1 
0 1 0 0 0 1 1 0 1 1 1 0 1 0 1 
0 0 1 0 1 0 1 1 0 1 1 0 0 0 0 
0 0 1 0 1 0 0 0 1 0 0 1 0 0 1 
1 0 1 1 1 1 0 0 1 0 1 0 0 1 0 

Best fitness in final population: 28.0
Best initial individual:
0 0 0 0 1 1 0 1 0 0 1 1 1 1 0 
0 1 1 1 0 0 0 0 1 0 1 0 0 1 1 
0 1 1 1 0 0 0 1 0 1 0 0 0 0 0 
1 1 0 0 1 1 0 1 1 1 1 1 0 0 1 
1 1 0 0 0 0 1 0 0 1 1 0 1 1 0 
1 1 0 1 0 0 1 1 0 0 1 1 1 0 1 
1 1 0 1 1 1 0 1 1 0 0 0 1 1 0 
1 0 1 0 0 0 0 0 0 0 0 1 0 1 1 
0 0 0 0 0 0 1 1 1 0 0 0 1 0 1 
1 0 0 1 0 0 1 1 1 1 0 1 0 1 0 
1 0 0 1 1 1 0 0 0 1 0 0 1 0 1 
0 1 1 1 1 1 1 0 0 0 0 1 0 0 0 
0 0 1 0 1 1 1 1 0 1 1 0 0 1 1 
0 0 1 0 0 0 0 0 1 1 1 1 1 0 0 
1 0 1 0 1 1 1 0 1 0 1 0 0 0 0 
0 1 1 1 1 1 1 0 1 1 0 1 1 1 1 


real	14m25.666s
user	14m18.171s
sys	0m3.325s
