GA Info:

- Number of variables: 4
- OA Profile: (16, 15, 2, 4)
- Population size: 50
- Fitness evaluations: 500000
- Tournament size: 3
- Mutation probability: 0.2
- Crossover Operator: 1
- Seed: -8656674731246890636
Best fitness in initial population: 128.0
Best initial individual:
1 1 0 0 0 0 1 1 0 0 1 0 1 0 1 
0 0 0 0 1 0 0 1 0 1 0 0 1 0 0 
1 1 0 0 1 0 0 0 1 1 0 1 0 1 0 
0 0 0 1 0 0 0 1 1 1 1 1 0 1 0 
1 1 0 1 0 0 1 1 0 1 0 1 0 1 0 
0 1 0 1 0 0 1 0 0 0 0 0 0 0 1 
1 0 1 1 1 0 0 1 1 0 0 0 1 0 1 
1 1 0 0 0 1 0 0 0 1 0 1 1 1 1 
0 0 1 0 1 1 0 0 0 0 1 0 0 0 1 
0 0 1 0 0 1 1 1 0 0 1 1 1 0 0 
0 1 1 0 1 1 1 0 1 1 0 0 1 1 0 
0 1 1 1 0 1 0 1 1 1 1 0 1 0 1 
0 0 1 1 1 1 1 0 0 0 0 1 0 1 1 
1 0 1 1 1 1 1 0 1 1 1 1 0 1 1 
1 1 0 1 1 1 0 1 1 0 1 1 0 0 0 
1 0 1 0 0 0 1 0 1 0 1 0 1 1 0 

Best fitness in final population: 48.0
Best initial individual:
0 1 0 1 0 0 0 1 1 1 1 0 1 0 0 
0 1 0 0 0 1 1 0 1 1 0 0 0 1 0 
1 0 1 0 0 1 0 1 1 0 1 0 1 1 1 
0 1 0 1 1 1 0 0 0 0 1 0 1 1 1 
1 0 1 1 1 1 1 0 1 1 1 1 0 0 0 
1 0 0 1 0 1 0 1 0 1 0 1 0 0 1 
1 0 0 0 1 0 1 1 0 1 1 0 1 1 0 
1 0 0 1 1 0 0 1 1 0 0 1 0 1 1 
1 1 1 0 0 0 0 0 0 0 1 1 0 0 0 
0 1 0 0 1 1 1 1 1 0 1 1 0 0 1 
0 0 1 1 0 0 1 0 0 0 1 0 0 1 1 
0 0 1 0 1 0 0 0 1 1 0 0 1 0 1 
1 0 0 0 0 0 1 0 0 0 0 1 1 0 1 
0 1 1 1 1 1 1 1 0 0 0 0 1 0 0 
1 1 1 1 0 1 1 0 1 1 0 1 1 1 0 
0 1 1 0 1 0 0 1 0 1 0 1 0 1 0 


real	17m30.658s
user	17m23.939s
sys	0m1.589s
