GA Info:

- Number of variables: 4
- OA Profile: (16, 15, 2, 4)
- Population size: 50
- Fitness evaluations: 500000
- Tournament size: 3
- Mutation probability: 0.2
- Crossover Operator: 1
- Seed: -3485768142606375575
Best fitness in initial population: 130.0
Best initial individual:
0 0 1 1 0 0 0 0 0 0 0 1 0 0 1 
1 0 1 0 1 1 0 0 0 1 0 1 1 1 1 
1 0 1 0 0 0 0 1 1 1 1 0 1 0 0 
1 0 0 0 1 0 1 0 1 1 1 1 0 1 1 
1 1 1 1 1 0 1 0 0 0 0 0 0 1 1 
0 0 0 1 0 1 0 0 0 1 1 0 0 1 0 
0 1 1 0 0 1 1 0 0 1 1 1 0 1 0 
0 0 0 0 0 1 1 0 1 0 1 0 0 0 1 
0 1 0 0 1 1 0 1 1 0 0 0 0 0 0 
1 1 1 1 0 1 1 1 1 1 0 0 1 1 0 
0 0 0 1 0 0 1 1 1 0 1 1 0 1 0 
0 1 0 1 1 1 1 1 1 1 1 0 1 0 1 
1 1 0 1 0 0 1 1 0 1 0 1 1 0 1 
0 0 1 0 1 0 0 1 0 0 1 0 1 0 1 
1 1 1 1 1 1 0 0 1 0 0 1 1 1 0 
1 1 0 0 1 0 0 1 0 0 0 1 1 0 0 

Best fitness in final population: 32.0
Best initial individual:
0 0 0 0 1 0 0 0 1 0 0 1 0 0 0 
1 0 0 0 0 1 0 0 1 1 1 1 0 1 1 
1 1 1 1 1 1 0 1 1 0 1 1 0 0 1 
1 1 0 0 0 1 1 1 0 0 0 0 0 0 0 
0 0 1 1 0 1 1 0 0 1 0 0 0 1 1 
1 0 0 1 0 0 1 0 0 0 0 1 1 0 1 
0 1 0 1 1 1 0 1 1 1 0 0 1 0 1 
0 1 0 0 1 0 1 1 0 1 0 1 1 1 1 
1 0 0 1 1 0 1 1 0 0 1 0 0 1 0 
1 1 1 0 1 0 1 0 0 1 1 0 0 0 1 
0 1 1 0 0 1 1 1 0 0 1 1 1 1 0 
0 1 0 1 0 0 0 0 1 0 1 0 1 1 0 
1 1 1 1 0 0 0 1 1 1 0 1 0 1 0 
0 0 1 0 0 0 0 1 1 1 1 0 1 0 1 
1 0 1 0 1 1 0 0 1 0 0 0 1 1 0 
0 0 1 1 1 1 1 0 0 1 1 1 1 0 0 


real	15m26.976s
user	15m17.214s
sys	0m1.737s
