GA Info:

- Number of variables: 4
- OA Profile: (16, 15, 2, 4)
- Population size: 50
- Fitness evaluations: 500000
- Tournament size: 3
- Mutation probability: 0.2
- Crossover Operator: 1
- Seed: -7974463696883555906
Best fitness in initial population: 118.0
Best initial individual:
0 0 1 0 0 1 1 1 1 1 1 0 0 1 0 
0 0 0 1 0 0 1 0 1 0 1 1 0 1 1 
1 1 0 1 1 1 0 0 1 1 0 0 1 1 1 
0 1 1 0 1 0 0 0 0 1 1 0 1 1 1 
1 1 0 1 1 0 1 0 1 0 1 0 0 1 0 
0 1 1 1 0 1 1 0 1 1 0 1 1 0 0 
1 0 0 0 0 0 0 1 0 0 1 1 1 0 0 
1 0 1 1 0 0 0 0 0 1 0 0 0 0 0 
0 1 0 1 0 0 0 1 0 0 0 0 1 1 0 
0 0 1 0 1 0 0 1 1 1 0 1 1 0 1 
1 1 0 1 0 1 1 1 0 1 1 0 1 0 1 
0 0 1 0 1 1 1 1 0 0 1 1 0 1 0 
1 0 1 1 1 1 1 0 1 0 1 1 1 1 1 
0 1 0 0 1 0 0 0 0 0 0 1 0 0 0 
1 1 0 0 1 1 1 1 0 1 0 0 0 0 1 
1 0 1 0 0 1 0 1 1 0 0 1 0 0 1 

Best fitness in final population: 38.0
Best initial individual:
0 0 1 1 0 0 1 0 0 1 0 0 1 1 0 
1 0 0 1 0 0 1 0 1 0 1 1 1 1 1 
1 1 1 0 1 0 1 1 1 0 0 0 1 0 0 
0 0 0 0 1 1 0 0 1 1 1 1 1 0 0 
0 1 1 0 1 1 1 0 1 0 0 1 0 1 1 
1 0 1 0 0 1 1 0 1 1 1 0 0 0 1 
0 0 0 0 0 1 1 1 0 0 0 1 0 0 0 
0 1 1 1 0 1 0 1 1 0 1 0 0 1 0 
1 1 0 0 0 1 0 1 0 1 0 0 1 1 1 
1 0 1 0 1 0 0 1 0 1 1 1 0 1 0 
1 1 0 1 1 1 1 0 0 0 1 0 1 1 0 
0 0 0 1 1 0 0 1 1 1 0 0 0 1 1 
0 1 1 1 0 0 1 1 0 1 1 1 1 0 1 
1 0 1 1 1 1 0 1 0 0 0 1 1 0 1 
1 1 0 1 0 0 0 0 1 1 0 1 0 0 0 
0 1 0 0 1 0 0 0 0 0 1 0 0 0 1 


real	20m52.267s
user	20m37.487s
sys	0m5.348s
