GA Info:

- Number of variables: 4
- OA Profile: (16, 15, 2, 4)
- Population size: 50
- Fitness evaluations: 500000
- Tournament size: 3
- Mutation probability: 0.2
- Crossover Operator: 1
- Seed: 4489477361509771959
Best fitness in initial population: 134.0
Best initial individual:
0 1 1 0 0 1 1 0 1 1 1 0 0 1 1 
1 1 0 0 1 1 1 1 0 1 0 1 1 1 0 
0 0 0 0 1 1 0 0 0 0 0 0 0 1 0 
1 0 1 1 0 1 0 1 1 0 0 1 1 1 1 
0 1 0 0 1 1 0 1 0 0 1 0 1 0 1 
0 0 1 0 0 1 0 1 1 1 0 1 0 0 1 
1 0 1 0 0 0 1 0 1 1 1 0 0 1 0 
0 1 0 0 0 0 0 0 0 0 0 1 1 0 1 
0 0 1 0 0 1 1 0 0 1 1 1 1 0 0 
1 0 1 1 1 0 1 1 0 1 1 1 1 0 1 
1 1 0 1 1 0 0 0 1 0 0 0 1 1 0 
1 0 1 1 0 0 0 1 1 0 1 0 0 1 0 
0 1 0 1 1 1 1 1 0 0 1 1 0 1 1 
0 0 0 1 0 0 1 0 0 0 0 0 0 0 0 
1 1 1 1 1 0 0 0 1 1 1 1 0 0 1 
1 1 0 1 1 0 1 1 1 1 0 0 1 0 0 

Best fitness in final population: 26.0
Best initial individual:
1 0 0 0 0 1 1 1 1 1 1 0 1 1 0 
0 0 0 1 0 1 1 1 0 0 0 0 0 1 1 
0 1 1 0 0 0 0 1 1 0 0 0 0 0 0 
1 0 1 1 0 1 0 0 1 1 0 1 0 0 0 
0 0 1 0 0 0 1 0 0 1 1 1 0 1 0 
1 1 0 0 1 1 0 1 0 0 1 1 0 0 0 
1 0 0 0 1 0 0 0 1 0 1 0 0 0 1 
0 1 0 1 1 0 1 1 1 1 1 1 0 1 1 
1 1 0 0 0 0 1 0 1 0 0 1 1 1 1 
0 1 1 1 1 1 1 0 1 0 1 0 1 1 0 
1 0 1 1 1 0 1 1 0 0 0 1 1 1 0 
1 1 1 0 1 1 1 0 0 1 0 0 0 1 1 
0 0 1 0 1 1 0 1 1 1 0 1 1 0 1 
0 0 0 1 0 1 0 0 0 0 1 1 1 0 1 
1 1 1 1 0 0 0 1 0 1 1 0 1 0 1 
0 1 0 1 1 0 0 0 0 1 0 0 1 0 0 


real	17m26.676s
user	17m21.207s
sys	0m2.199s
