GA Info:

- Number of variables: 4
- OA Profile: (16, 15, 2, 4)
- Population size: 50
- Fitness evaluations: 500000
- Tournament size: 3
- Mutation probability: 0.2
- Crossover Operator: 1
- Seed: -2519062162507998268
Best fitness in initial population: 132.0
Best initial individual:
1 0 0 0 0 1 0 1 0 0 0 0 1 1 0 
1 0 0 0 0 1 1 0 0 1 1 1 0 0 0 
0 1 0 1 0 0 0 1 0 1 1 0 1 0 1 
0 0 1 0 1 0 1 1 1 0 0 1 0 0 1 
1 0 0 0 1 0 0 0 0 1 1 0 0 1 0 
1 1 1 0 1 1 0 0 1 0 0 1 0 0 0 
1 1 1 1 1 0 1 0 1 1 1 1 1 1 0 
0 1 1 0 0 0 0 1 1 0 1 1 0 0 0 
1 1 0 1 1 1 1 1 1 1 1 0 0 1 0 
0 0 1 1 0 0 1 0 0 1 0 0 1 0 1 
1 1 0 1 0 0 0 0 0 1 0 1 1 1 1 
0 1 1 1 0 1 0 0 1 1 1 0 0 1 1 
0 0 1 0 1 1 0 0 1 0 0 1 1 1 1 
1 1 0 1 1 1 1 1 0 0 0 0 1 0 1 
0 0 0 0 1 1 1 1 0 0 1 1 0 1 1 
0 0 1 1 0 0 1 1 1 0 0 0 1 0 0 

Best fitness in final population: 34.0
Best initial individual:
0 0 0 1 0 0 0 0 0 1 0 1 1 0 1 
1 0 1 0 0 1 1 0 1 0 1 1 0 0 0 
0 1 0 1 1 1 1 0 1 0 0 1 1 1 1 
1 0 0 0 1 1 0 1 1 1 0 0 1 0 1 
0 0 0 0 0 1 1 0 0 1 1 0 0 1 1 
0 0 1 1 1 1 1 1 0 0 1 0 1 0 0 
0 1 1 0 0 1 0 1 1 1 0 1 1 1 0 
1 1 1 0 0 0 1 0 0 0 0 0 1 0 1 
1 0 1 1 1 0 1 1 1 1 1 1 0 1 1 
0 1 1 1 0 0 1 1 1 1 1 0 0 0 0 
1 0 0 1 0 0 0 1 1 0 0 0 1 1 0 
1 1 0 0 1 0 1 0 0 1 1 1 1 1 0 
0 0 1 0 1 0 0 0 0 0 0 1 0 1 0 
1 1 1 1 1 1 0 0 0 1 0 0 0 0 0 
1 1 0 1 0 1 0 1 0 0 1 1 0 1 1 
0 1 0 0 1 0 0 1 1 0 1 0 0 0 1 


real	20m14.019s
user	19m55.117s
sys	0m1.978s
