GA Info:

- Number of variables: 4
- OA Profile: (16, 15, 2, 4)
- Population size: 50
- Fitness evaluations: 500000
- Tournament size: 3
- Mutation probability: 0.2
- Crossover Operator: 1
- Seed: -5859557917818084511
Best fitness in initial population: 128.0
Best initial individual:
0 1 1 0 0 1 0 0 1 1 0 1 0 1 1 
0 1 0 0 1 1 0 1 1 1 1 0 1 1 0 
0 0 0 0 1 0 1 1 0 0 1 1 1 1 0 
1 1 1 1 1 0 0 1 0 0 0 1 1 1 1 
0 1 1 1 1 0 1 0 1 0 0 1 1 1 0 
1 0 0 1 0 0 1 1 0 1 0 1 1 0 1 
1 0 0 0 0 0 0 0 1 0 1 0 0 1 1 
0 0 1 1 0 0 0 0 1 1 1 0 1 1 1 
1 1 0 0 0 1 1 0 0 1 0 1 0 0 0 
1 0 0 1 1 1 0 1 1 0 0 0 0 0 1 
1 1 0 0 0 1 0 0 0 1 1 0 1 0 1 
1 0 1 0 1 1 1 1 0 0 1 1 1 0 0 
1 1 1 1 0 1 1 0 0 0 1 0 0 0 0 
0 0 0 1 1 0 1 0 0 0 0 1 0 0 0 
0 1 1 0 0 0 1 1 1 1 1 0 0 0 1 
0 0 1 1 1 1 0 1 1 1 0 0 0 1 0 

Best fitness in final population: 42.0
Best initial individual:
1 0 0 0 0 1 1 0 0 0 0 0 1 0 0 
0 0 0 1 0 0 1 1 1 0 1 1 1 0 0 
1 1 1 0 0 0 0 0 1 0 1 0 0 1 1 
1 0 1 1 1 1 1 1 1 0 1 0 1 1 1 
1 1 1 0 1 0 1 1 1 1 1 1 1 0 1 
0 1 0 0 0 0 1 1 1 1 1 0 0 1 0 
0 1 1 0 1 1 1 0 0 0 0 1 0 0 1 
0 0 0 0 1 1 0 0 1 0 1 1 0 1 0 
1 0 1 1 0 0 1 0 0 1 0 1 0 1 1 
0 0 1 1 0 1 0 0 1 1 1 0 1 0 1 
0 0 1 0 1 0 0 1 0 1 0 0 0 0 0 
0 1 1 1 0 1 0 1 0 0 0 1 1 1 0 
0 1 0 1 1 0 1 0 0 1 0 0 1 1 0 
1 1 0 1 0 1 0 1 0 0 0 0 0 0 1 
1 0 0 0 1 0 0 1 0 1 0 1 1 1 1 
1 1 0 1 1 1 0 0 1 1 1 1 0 0 0 


real	18m59.854s
user	18m44.205s
sys	0m4.785s
