GA Info:

- Number of variables: 4
- OA Profile: (16, 15, 2, 4)
- Population size: 50
- Fitness evaluations: 500000
- Tournament size: 3
- Mutation probability: 0.2
- Crossover Operator: 1
- Seed: 3650370790641061185
Best fitness in initial population: 126.0
Best initial individual:
1 0 1 1 1 0 1 1 1 0 1 1 1 0 0 
1 1 0 1 1 1 0 1 0 1 0 0 0 0 0 
1 1 0 1 1 1 1 0 0 0 1 0 1 1 0 
1 1 0 1 0 0 0 0 1 0 0 1 0 0 0 
0 1 0 0 1 0 0 1 1 0 1 0 1 0 1 
1 0 1 0 1 1 1 0 1 1 0 1 0 0 1 
0 1 0 1 1 0 0 1 0 1 0 0 1 1 1 
0 0 0 0 0 1 1 0 0 1 1 0 1 1 1 
0 0 1 0 0 0 1 0 1 1 0 0 1 1 0 
0 1 1 1 0 1 1 0 1 1 1 1 1 0 1 
1 1 1 0 0 0 1 1 0 0 0 1 0 0 0 
1 1 1 0 1 0 0 0 0 1 1 1 0 1 0 
1 0 0 0 0 1 0 1 1 1 1 0 1 0 1 
0 0 0 1 1 0 0 1 0 0 1 1 0 1 1 
0 0 1 0 0 1 1 0 0 0 0 0 0 1 1 
0 0 1 1 0 1 0 1 1 0 0 1 0 1 0 

Best fitness in final population: 52.0
Best initial individual:
0 1 1 0 1 0 1 0 1 1 0 0 1 1 0 
1 0 1 1 1 0 0 1 0 1 1 1 0 1 1 
1 1 0 1 1 0 1 0 0 0 1 0 1 1 1 
1 0 0 0 1 1 1 0 1 1 1 0 0 0 0 
0 0 0 0 0 0 0 1 1 1 1 0 0 1 1 
0 1 0 0 1 0 0 0 0 0 1 1 0 0 0 
1 1 0 1 0 0 1 1 0 1 1 1 1 0 0 
0 1 1 1 1 1 1 1 1 1 0 1 0 0 1 
1 0 1 0 1 0 0 1 1 0 0 1 1 0 1 
0 0 0 1 1 1 0 1 0 0 0 0 1 0 0 
0 1 1 1 0 1 0 0 1 1 1 0 1 0 1 
0 0 1 0 0 1 1 1 0 0 1 1 1 1 1 
0 0 1 1 0 0 1 0 0 0 0 0 0 1 0 
1 0 0 1 0 1 0 0 1 1 0 1 1 1 0 
1 1 1 0 0 1 0 0 0 0 0 0 0 0 1 
1 1 0 0 0 1 1 1 1 0 0 1 0 1 0 


real	14m6.715s
user	14m2.728s
sys	0m1.978s
