GA Info:

- Number of variables: 4
- OA Profile: (16, 15, 2, 4)
- Population size: 50
- Fitness evaluations: 500000
- Tournament size: 3
- Mutation probability: 0.2
- Crossover Operator: 1
- Seed: -5415937997339178750
Best fitness in initial population: 126.0
Best initial individual:
1 1 1 1 0 1 1 1 0 0 1 1 0 1 0 
0 0 0 1 0 1 0 1 1 1 1 1 1 1 1 
1 0 1 0 0 0 0 1 0 0 0 1 1 0 0 
1 0 0 0 1 0 1 0 1 0 0 1 1 1 1 
1 1 1 1 1 0 0 0 1 1 1 1 1 1 0 
1 0 0 1 0 0 0 1 0 1 1 0 1 1 0 
0 1 0 1 0 0 1 0 1 1 1 0 1 0 1 
0 1 0 0 1 1 0 1 1 1 0 1 0 1 0 
1 0 0 0 1 1 1 0 0 0 0 0 1 0 0 
0 1 1 0 0 0 1 0 0 0 1 0 1 1 0 
0 0 1 1 0 0 1 1 1 0 1 0 0 0 1 
1 0 0 1 1 1 1 1 0 0 1 1 0 1 1 
0 1 0 1 1 0 0 0 0 1 0 0 0 0 0 
0 0 1 0 1 1 0 0 0 0 0 0 0 0 1 
0 1 1 0 0 1 0 0 1 1 0 1 0 0 1 
1 1 1 0 1 1 1 1 1 1 0 0 0 0 1 

Best fitness in final population: 42.0
Best initial individual:
1 1 0 0 0 1 1 1 0 0 1 0 0 1 0 
1 1 0 1 0 0 1 1 1 1 0 1 1 0 0 
1 0 1 1 1 0 1 0 1 1 0 0 0 1 0 
0 0 1 0 1 0 0 1 1 0 1 1 0 1 0 
1 0 1 1 0 1 0 1 1 1 1 0 0 0 1 
1 0 1 0 0 1 0 0 0 1 1 1 1 1 0 
0 1 0 1 0 1 1 0 1 1 1 1 0 1 1 
1 1 1 0 1 0 1 0 1 0 1 0 1 0 1 
0 0 0 1 1 1 1 0 0 0 1 1 1 0 0 
0 1 1 0 1 0 1 1 0 1 0 1 0 0 1 
0 1 0 0 1 1 0 0 1 1 0 0 0 0 0 
1 0 0 0 0 0 0 0 0 0 0 1 0 0 1 
0 1 1 1 0 0 0 0 0 0 0 0 1 0 0 
0 0 0 1 1 0 0 1 0 1 1 0 1 1 1 
0 0 0 0 0 1 1 1 1 0 0 0 1 1 1 
1 1 1 1 1 1 0 1 0 0 0 1 1 1 1 


real	20m50.650s
user	20m41.893s
sys	0m2.189s
