GA Info:

- Number of variables: 4
- OA Profile: (16, 15, 2, 4)
- Population size: 50
- Fitness evaluations: 500000
- Tournament size: 3
- Mutation probability: 0.2
- Crossover Operator: 1
- Seed: -8848071651332984924
Best fitness in initial population: 130.0
Best initial individual:
0 1 1 0 0 0 1 0 0 1 0 0 1 0 0 
1 0 1 1 0 0 1 0 1 0 1 1 0 0 1 
1 1 0 1 1 0 1 0 0 1 0 0 0 1 0 
0 1 1 1 0 1 0 0 0 0 0 1 1 0 1 
0 1 0 1 0 0 1 1 0 0 1 1 1 1 0 
1 0 1 0 1 0 1 0 1 1 1 0 0 0 1 
1 1 1 0 1 1 0 1 0 0 1 0 0 0 0 
0 0 0 1 1 1 0 0 1 0 0 0 1 1 0 
1 1 0 0 0 0 0 1 1 0 0 1 1 1 0 
1 0 0 1 0 1 0 0 0 1 1 1 0 1 1 
0 0 1 0 1 0 1 1 1 0 0 0 1 1 0 
0 0 0 0 1 0 1 1 1 1 1 1 0 0 1 
0 0 1 1 1 1 1 1 0 0 1 1 0 0 1 
1 1 0 0 0 1 0 1 1 1 1 1 0 1 0 
0 1 1 1 0 1 0 1 1 1 0 0 1 0 1 
1 0 0 0 1 1 0 0 0 1 0 0 1 1 1 

Best fitness in final population: 42.0
Best initial individual:
1 0 0 1 0 1 1 1 0 0 1 1 1 1 0 
0 0 1 0 0 0 1 0 1 1 1 1 1 1 1 
1 1 0 0 0 1 1 1 0 1 0 1 0 0 1 
0 1 0 0 1 1 1 0 1 1 1 1 0 1 0 
1 0 1 0 1 0 0 1 1 1 1 0 0 0 0 
1 1 1 0 1 1 0 0 0 0 1 0 1 1 1 
0 1 1 0 1 0 1 1 0 0 0 1 1 0 0 
0 1 1 1 0 1 0 1 1 1 0 0 1 1 0 
0 1 0 1 0 0 0 0 0 1 1 0 1 0 1 
0 1 1 1 1 1 0 1 1 0 1 1 0 0 1 
1 0 0 0 0 1 0 0 1 0 0 1 1 0 0 
1 0 0 1 1 0 1 1 1 1 0 0 1 1 1 
0 0 0 0 0 0 0 1 0 0 0 0 0 1 1 
1 1 0 1 0 0 1 0 1 0 1 0 0 0 0 
0 0 1 1 1 1 1 0 0 0 0 0 0 0 1 
1 0 1 1 1 0 0 0 0 1 0 1 0 1 0 


real	20m38.428s
user	20m22.559s
sys	0m2.637s
