GA Info:

- Number of variables: 4
- OA Profile: (16, 15, 2, 4)
- Population size: 50
- Fitness evaluations: 500000
- Tournament size: 3
- Mutation probability: 0.2
- Crossover Operator: 0
- Seed: 2415657779646926623
Best fitness in initial population: 252.480159637889
Best initial individual:
1 0 0 0 1 0 1 1 1 1 0 0 1 0 1 
0 0 1 1 0 1 1 1 0 1 0 0 1 1 1 
1 0 1 0 1 0 0 0 0 0 0 0 1 0 1 
0 1 0 1 0 0 0 0 1 1 0 0 1 0 0 
0 0 1 1 0 1 0 0 0 0 0 1 0 1 0 
1 1 1 1 1 0 0 1 0 0 0 1 0 0 1 
1 1 0 1 0 1 1 1 1 1 1 1 1 0 1 
0 0 0 1 0 1 1 1 1 0 1 1 1 1 0 
1 1 1 0 1 0 0 1 0 1 0 1 1 0 1 
1 0 0 1 0 0 0 1 0 1 1 1 0 1 1 
1 0 0 0 1 0 1 1 0 1 1 0 1 1 0 
0 1 1 0 1 1 0 0 0 0 1 1 0 0 0 
0 1 1 1 0 1 1 0 1 1 0 0 0 1 0 
0 0 0 0 0 0 0 1 0 0 1 1 1 0 0 
1 1 0 0 0 1 1 0 0 0 1 0 0 0 0 
0 0 0 0 1 1 1 1 1 1 1 1 1 1 1 

Best fitness in final population: 174.3515654914969
Best initial individual:
1 1 0 1 0 0 1 0 1 1 1 0 0 1 0 
1 0 1 0 0 0 0 1 0 1 0 0 0 0 1 
1 0 0 1 0 1 0 0 1 1 1 0 0 1 0 
1 0 1 0 1 1 0 0 1 0 0 0 1 0 1 
0 1 1 1 1 0 0 1 1 0 0 0 0 0 0 
1 1 0 0 1 1 1 1 0 0 1 1 1 0 1 
0 1 0 0 0 0 0 0 1 1 1 0 1 1 1 
0 1 1 0 0 1 1 0 0 1 1 0 0 1 0 
0 1 1 0 1 0 0 1 1 1 0 1 0 1 0 
0 1 0 1 1 0 1 1 0 0 1 1 1 1 1 
1 0 1 0 1 0 1 0 1 0 1 1 0 1 1 
1 0 0 0 0 0 0 1 0 1 0 0 1 1 0 
0 0 0 0 1 1 0 0 1 1 0 1 1 1 1 
0 0 1 1 0 1 1 1 0 0 0 0 1 0 1 
0 1 1 1 0 1 0 1 0 0 0 1 1 0 0 
1 0 0 1 1 1 1 0 0 0 1 1 0 0 0 


real	20m57.568s
user	20m48.846s
sys	0m2.088s
