GA Info:

- Number of variables: 4
- OA Profile: (16, 15, 2, 4)
- Population size: 50
- Fitness evaluations: 500000
- Tournament size: 3
- Mutation probability: 0.2
- Crossover Operator: 0
- Seed: -6186476087852349023
Best fitness in initial population: 266.82953959583335
Best initial individual:
1 1 1 0 1 0 1 0 0 0 1 1 1 1 1 
0 0 0 1 1 1 1 1 1 0 0 1 1 1 1 
0 1 1 1 1 0 1 1 1 1 1 0 0 1 1 
0 0 1 1 0 1 1 0 0 1 1 1 0 0 0 
1 0 0 1 1 0 0 0 1 1 0 0 1 0 1 
1 1 1 0 1 1 1 1 1 1 1 1 1 0 0 
0 0 1 0 1 1 1 1 1 0 0 0 0 0 1 
0 0 0 0 1 0 0 1 0 0 0 1 0 1 1 
0 1 0 0 1 0 0 0 1 1 1 0 1 0 1 
0 0 0 1 1 1 1 0 0 0 0 0 0 1 1 
0 0 1 0 0 0 1 0 0 0 0 1 0 1 1 
0 1 0 0 0 1 0 1 0 0 1 1 1 0 0 
1 1 1 0 0 1 1 1 0 1 0 1 1 1 0 
1 1 0 0 0 1 1 0 0 1 0 0 1 0 0 
1 0 0 1 0 1 0 0 0 0 1 1 1 1 1 
1 1 1 1 0 1 0 1 0 0 0 0 0 1 1 

Best fitness in final population: 168.46636643858574
Best initial individual:
1 0 0 1 0 0 1 0 1 1 1 0 0 0 0 
0 0 1 1 0 1 0 1 0 0 1 1 1 0 1 
0 0 0 0 1 1 1 0 0 1 1 0 1 1 1 
1 1 0 1 0 1 1 1 1 1 0 1 1 0 1 
0 1 0 0 1 0 0 0 0 0 0 0 0 0 0 
0 0 1 1 0 0 1 1 1 0 1 0 1 0 1 
1 1 1 0 0 0 0 0 1 1 1 1 0 1 1 
1 1 1 1 0 0 1 0 0 0 0 1 0 1 1 
0 0 0 1 1 1 1 1 1 0 1 0 1 1 0 
0 0 0 0 0 1 1 1 0 1 1 1 0 1 0 
0 1 1 0 1 0 0 1 1 0 0 0 1 1 0 
1 1 1 0 0 1 1 1 1 0 0 0 0 1 1 
1 0 0 0 1 0 0 0 1 1 0 1 0 0 1 
0 1 1 1 0 1 0 1 0 1 0 0 0 0 0 
1 1 1 0 1 1 0 0 0 1 1 1 1 0 0 
0 0 0 1 1 0 1 0 1 0 1 1 1 1 0 


real	15m48.860s
user	15m36.811s
sys	0m2.326s
