GA Info:

- Number of variables: 4
- OA Profile: (16, 15, 2, 4)
- Population size: 50
- Fitness evaluations: 500000
- Tournament size: 3
- Mutation probability: 0.2
- Crossover Operator: 0
- Seed: 2159574037698557037
Best fitness in initial population: 223.9573792757572
Best initial individual:
0 1 1 1 0 1 0 0 0 0 0 0 1 0 1 
1 1 1 1 1 0 1 1 1 1 1 0 0 1 0 
0 1 0 1 1 0 0 1 1 0 0 0 1 1 1 
0 0 1 0 1 0 0 0 0 1 1 1 1 0 1 
0 1 0 1 1 0 1 0 1 0 0 1 0 1 1 
1 1 0 0 1 1 1 0 0 1 1 0 1 1 0 
1 1 1 0 0 1 0 1 0 1 0 1 1 0 1 
1 1 1 1 0 0 1 1 1 0 1 0 1 0 1 
0 0 1 0 1 1 1 1 1 1 1 1 0 0 1 
0 0 0 0 1 0 1 0 0 1 1 1 1 1 0 
0 0 1 1 0 0 0 1 0 0 0 1 0 1 0 
1 0 1 0 1 1 1 1 1 0 0 0 1 0 1 
1 1 0 0 0 0 0 0 0 0 0 1 0 1 0 
1 1 0 0 0 1 1 1 1 1 1 0 0 0 1 
0 0 1 1 0 1 0 1 1 1 0 0 0 1 0 
1 0 1 0 0 1 1 0 0 1 1 1 1 1 0 

Best fitness in final population: 177.44614606957015
Best initial individual:
1 1 0 0 1 1 1 0 1 1 0 0 0 0 0 
1 0 0 1 0 0 1 0 0 0 0 1 1 1 1 
1 1 1 1 0 1 0 1 0 1 1 0 1 0 0 
0 1 1 1 0 0 1 0 1 0 0 0 0 0 1 
1 0 1 0 1 1 0 1 0 1 0 1 0 0 1 
1 1 0 0 0 0 0 1 1 0 0 1 1 0 0 
0 0 0 1 1 1 1 1 1 0 1 0 1 1 1 
0 0 1 0 0 1 1 0 1 0 1 0 1 1 0 
0 1 0 1 1 0 0 1 0 0 1 1 0 1 1 
0 0 0 0 1 0 1 1 1 1 0 1 0 1 0 
1 0 0 1 1 0 1 0 0 0 1 0 0 1 0 
0 1 0 0 0 0 0 1 0 0 0 0 0 0 1 
0 1 1 1 1 0 0 0 0 0 1 1 0 0 0 
1 1 0 0 1 1 1 0 0 1 1 0 1 1 1 
1 0 0 1 0 1 0 0 1 1 0 0 1 1 0 
0 0 1 0 0 1 0 0 0 1 1 1 0 0 1 


real	20m15.820s
user	20m8.174s
sys	0m1.801s
