GA Info:

- Number of variables: 4
- OA Profile: (16, 15, 2, 4)
- Population size: 50
- Fitness evaluations: 500000
- Tournament size: 3
- Mutation probability: 0.2
- Crossover Operator: 0
- Seed: 4669183786299105378
Best fitness in initial population: 268.8429795980394
Best initial individual:
1 1 1 1 1 0 0 0 0 0 1 0 0 0 1 
0 0 1 1 1 0 1 1 0 0 0 1 1 1 1 
0 0 0 0 1 0 1 1 0 0 1 0 0 0 0 
1 1 0 1 0 1 0 0 1 1 0 0 1 0 1 
0 1 0 0 0 0 0 0 0 0 0 0 0 0 0 
0 1 0 0 1 0 0 0 1 0 1 0 1 0 1 
0 0 0 1 0 0 0 0 1 1 0 0 0 0 0 
1 0 1 1 0 0 0 0 0 0 0 1 1 0 0 
1 1 0 1 0 0 1 1 0 0 0 0 1 0 1 
0 0 0 1 0 0 0 0 0 1 1 0 0 1 0 
1 1 1 0 1 1 0 0 1 0 0 1 0 1 1 
0 0 1 0 0 1 1 1 0 0 1 0 1 1 1 
1 1 0 0 0 0 0 1 1 1 1 1 0 0 0 
0 1 1 1 1 1 1 1 0 1 1 1 1 0 1 
1 1 0 0 0 1 1 1 1 0 0 1 1 1 0 
1 1 1 1 1 1 1 1 1 0 1 1 1 1 0 

Best fitness in final population: 179.8926769888694
Best initial individual:
1 1 0 0 1 0 0 0 0 0 0 1 0 1 1 
0 1 0 0 0 1 1 1 1 1 1 0 1 0 1 
0 0 0 0 0 1 1 0 0 1 1 0 0 1 0 
1 1 0 0 1 1 1 1 1 0 0 1 0 0 0 
1 0 1 1 1 1 0 1 1 1 1 0 0 0 1 
0 0 1 1 0 0 1 0 1 0 0 1 0 1 1 
1 0 1 0 1 0 0 1 1 0 0 0 0 0 0 
0 1 1 0 0 1 1 1 0 0 0 0 0 1 0 
0 1 0 0 0 0 0 0 1 1 1 1 1 1 0 
1 1 1 1 0 1 0 0 0 1 1 0 1 0 1 
1 0 0 1 0 0 0 0 0 1 0 1 0 0 1 
1 0 0 1 0 1 0 1 0 0 1 1 0 0 0 
0 0 0 1 1 0 1 1 0 0 0 0 1 1 0 
0 0 1 0 1 0 0 1 0 1 1 1 1 0 1 
0 0 1 1 1 0 1 0 0 0 1 0 1 1 0 
0 1 1 1 1 1 1 0 1 0 0 0 1 0 1 


real	15m48.460s
user	15m42.452s
sys	0m2.438s
