GA Info:

- Number of variables: 4
- OA Profile: (16, 15, 2, 4)
- Population size: 50
- Fitness evaluations: 500000
- Tournament size: 3
- Mutation probability: 0.2
- Crossover Operator: 0
- Seed: 2529667926403738942
Best fitness in initial population: 259.0080686560668
Best initial individual:
1 1 0 1 0 0 0 0 0 0 0 1 1 1 1 
1 0 0 0 1 0 1 1 1 1 1 1 0 0 1 
1 1 1 0 0 1 1 0 0 1 0 1 1 0 0 
0 1 0 1 0 0 1 1 0 1 0 0 0 0 1 
0 0 0 1 0 1 0 1 1 0 0 0 0 1 1 
1 0 1 0 0 1 0 0 0 0 0 1 1 1 1 
0 1 1 1 1 1 1 1 0 1 1 0 0 0 1 
1 0 0 1 0 1 0 0 1 0 1 1 0 1 0 
1 0 1 1 0 0 1 1 0 0 1 0 1 1 0 
1 0 1 0 1 0 1 0 1 1 0 1 1 1 1 
0 0 1 0 1 1 0 0 0 1 1 1 0 0 1 
1 0 1 1 0 1 0 1 1 1 1 1 1 0 0 
0 0 0 0 0 0 1 0 1 1 1 0 0 1 0 
0 0 0 0 1 0 0 1 0 1 0 1 1 1 1 
0 1 0 1 0 1 0 0 1 0 1 0 1 0 0 
0 0 1 0 0 0 0 0 1 1 0 1 1 0 0 

Best fitness in final population: 165.22252721886497
Best initial individual:
1 0 0 0 0 0 1 0 0 1 0 0 1 0 0 
0 0 1 1 1 1 0 1 1 1 1 0 1 0 1 
0 1 1 1 0 0 1 1 0 0 0 1 1 1 0 
1 1 0 0 1 0 0 0 1 0 1 0 1 1 0 
1 0 0 1 0 1 0 0 1 0 1 1 1 1 0 
0 0 1 0 1 1 1 0 0 0 1 1 1 0 1 
1 1 0 0 0 0 1 1 1 1 1 0 0 0 0 
0 1 0 1 0 1 1 0 0 0 0 0 0 1 0 
1 1 1 0 1 1 1 1 1 0 0 1 1 0 1 
0 1 0 1 1 0 0 0 1 0 1 1 0 1 1 
0 1 1 1 1 0 0 0 0 1 0 1 0 1 0 
1 0 0 1 0 1 1 0 1 1 1 1 0 0 1 
0 0 1 0 0 1 0 0 0 1 1 1 0 0 1 
1 0 0 0 1 1 1 1 0 1 0 0 0 1 1 
1 1 1 1 0 0 0 0 0 1 0 0 1 0 1 
0 0 1 0 0 1 0 1 1 0 0 0 0 0 0 


real	21m28.685s
user	20m56.478s
sys	0m4.700s
