GA Info:

- Number of variables: 4
- OA Profile: (16, 15, 2, 4)
- Population size: 50
- Fitness evaluations: 500000
- Tournament size: 3
- Mutation probability: 0.2
- Crossover Operator: 0
- Seed: 6051086236322607173
Best fitness in initial population: 226.1929337039395
Best initial individual:
0 0 0 1 1 0 0 1 1 0 0 1 1 1 0 
0 1 0 0 0 1 0 1 0 0 1 0 0 0 1 
1 0 0 1 0 0 1 0 0 1 0 1 0 1 1 
1 0 1 1 0 0 1 0 0 0 1 0 1 0 1 
0 0 0 1 0 1 0 1 1 1 0 1 0 0 1 
0 0 0 1 1 0 0 1 0 0 0 1 0 0 0 
1 0 0 1 0 0 0 0 1 1 1 1 0 0 0 
1 0 0 1 1 0 1 1 1 1 0 0 0 0 1 
0 1 1 0 0 0 0 0 0 1 0 0 1 0 1 
1 1 1 0 0 1 1 0 1 0 0 1 1 0 0 
0 0 1 0 0 0 1 1 0 1 1 0 1 1 0 
0 1 1 0 1 1 1 0 1 1 1 1 0 1 0 
0 1 0 0 0 1 0 0 0 0 0 1 1 1 1 
1 1 0 0 0 0 0 0 0 0 0 0 0 0 0 
1 1 0 0 1 0 0 1 1 1 1 0 1 0 1 
1 1 1 1 1 1 1 0 1 0 1 0 1 1 0 

Best fitness in final population: 157.78897938023067
Best initial individual:
1 0 0 1 0 1 1 0 0 0 1 0 1 1 0 
1 1 0 1 0 0 1 0 0 0 1 0 1 0 1 
0 0 1 0 1 1 1 1 1 0 0 0 1 1 1 
0 1 1 1 1 1 0 1 1 0 1 0 0 0 1 
0 1 0 1 1 0 0 0 0 0 0 1 0 1 0 
1 0 1 0 1 1 0 0 1 1 1 0 1 1 0 
0 0 1 1 1 0 0 1 1 1 1 1 1 0 0 
1 1 1 1 0 1 1 1 0 1 0 1 0 0 0 
1 0 1 1 0 0 0 1 0 1 1 0 0 0 1 
0 0 0 0 0 0 1 0 1 1 0 0 0 1 1 
0 0 1 0 0 1 0 1 1 0 0 1 0 1 0 
1 1 0 0 0 0 1 0 0 0 0 0 0 0 0 
0 1 0 0 0 0 1 1 0 1 1 1 1 1 0 
0 0 0 0 0 1 1 0 1 1 0 1 1 0 1 
1 1 1 0 1 0 0 1 1 0 0 1 1 1 1 
1 1 0 1 0 1 0 0 1 0 1 1 0 0 1 


real	14m17.105s
user	14m13.825s
sys	0m1.599s
