GA Info:

- Number of variables: 4
- OA Profile: (16, 15, 2, 4)
- Population size: 50
- Fitness evaluations: 500000
- Tournament size: 3
- Mutation probability: 0.2
- Crossover Operator: 0
- Seed: -4209274721100340837
Best fitness in initial population: 271.4627491136179
Best initial individual:
1 0 0 1 1 1 0 1 0 0 0 1 1 0 1 
1 1 0 0 1 0 1 0 0 0 1 1 0 1 0 
1 1 1 1 1 1 1 0 1 1 1 0 1 1 0 
0 0 0 0 1 1 0 1 1 0 0 1 1 0 0 
1 1 1 1 0 0 0 1 1 1 0 1 0 0 1 
1 1 0 0 0 1 1 0 1 1 1 0 1 1 0 
1 1 0 1 0 0 0 1 1 0 1 0 0 0 1 
1 0 0 1 1 1 1 0 0 0 1 1 0 1 1 
0 0 1 1 1 0 0 0 0 1 0 1 1 1 0 
1 1 1 1 1 1 0 1 0 1 0 1 1 0 1 
0 0 1 0 0 1 1 0 1 1 0 1 0 0 0 
1 0 1 1 1 0 1 1 1 1 0 1 0 0 1 
1 1 0 0 0 0 1 1 0 1 0 0 1 0 0 
0 0 1 0 1 0 0 1 0 0 0 1 1 1 0 
1 0 1 0 0 0 1 1 0 0 1 0 0 1 0 
1 1 0 1 0 1 1 0 0 1 1 0 0 0 1 

Best fitness in final population: 153.87363886037932
Best initial individual:
0 1 0 1 0 1 1 0 0 1 1 1 0 0 0 
1 1 1 0 1 0 1 0 1 0 1 1 0 1 1 
1 1 0 0 1 0 1 0 1 1 1 0 0 0 0 
0 1 0 1 1 1 1 1 0 1 0 1 1 0 1 
1 0 0 1 1 0 0 1 0 1 1 0 1 1 1 
1 0 1 0 0 1 0 1 0 0 1 0 0 0 1 
0 1 1 1 0 0 0 1 1 1 0 0 1 0 0 
1 0 1 0 0 1 0 0 1 1 1 0 0 1 1 
0 1 0 0 1 1 0 1 0 0 0 1 0 1 0 
0 1 0 0 0 0 1 0 0 0 0 0 1 1 1 
1 0 0 1 1 0 1 1 1 0 1 0 0 1 0 
0 0 1 0 1 0 0 1 0 1 0 0 0 1 0 
0 0 0 1 0 1 0 1 1 0 0 0 1 0 1 
1 0 1 1 0 1 1 0 1 0 0 1 1 0 0 
0 0 1 1 1 0 0 0 0 0 1 1 1 0 1 
1 0 1 1 0 1 1 0 1 1 0 1 0 1 0 


real	20m32.120s
user	20m16.607s
sys	0m2.537s
