GA Info:

- Number of variables: 4
- OA Profile: (16, 15, 2, 4)
- Population size: 50
- Fitness evaluations: 500000
- Tournament size: 3
- Mutation probability: 0.2
- Crossover Operator: 0
- Seed: -6675328927561055260
Best fitness in initial population: 264.13383896972306
Best initial individual:
1 0 0 1 0 1 1 1 1 1 1 0 1 0 1 
1 1 1 0 0 0 1 0 1 1 0 0 1 0 1 
0 1 0 1 0 1 1 1 0 1 0 0 1 0 1 
0 0 0 1 1 1 1 0 1 0 0 1 0 0 1 
0 1 1 1 0 1 0 0 0 0 1 1 0 1 0 
0 0 0 0 0 1 1 0 1 0 1 1 1 1 0 
1 0 0 1 0 1 0 1 1 0 0 0 1 0 0 
1 0 1 1 1 0 1 0 1 0 0 1 0 0 0 
1 0 0 1 1 1 1 1 0 0 0 1 1 1 0 
0 1 1 0 1 1 1 1 1 0 1 0 1 1 1 
0 0 1 0 0 0 1 1 0 0 0 0 0 1 1 
1 0 0 1 1 1 0 0 1 1 1 0 1 0 0 
1 1 0 0 0 0 0 1 1 0 1 1 1 1 1 
0 1 0 0 1 0 1 1 0 1 0 0 0 0 0 
0 1 0 0 1 0 0 1 1 0 0 1 1 1 1 
1 0 1 1 1 0 0 0 0 1 0 1 0 1 0 

Best fitness in final population: 170.18441177734184
Best initial individual:
0 1 0 0 1 1 1 1 1 1 0 1 0 1 0 
1 1 0 0 1 0 1 1 0 1 1 1 1 0 0 
0 1 0 1 0 0 0 1 0 0 0 0 0 1 0 
1 1 1 1 1 1 0 1 0 0 1 1 0 1 1 
0 0 1 1 1 0 0 1 0 0 1 0 1 0 0 
1 0 1 0 0 1 0 0 1 0 0 1 1 1 0 
1 0 0 0 0 0 0 0 0 0 1 1 0 1 0 
0 1 1 0 1 0 0 1 1 0 1 0 1 1 1 
0 0 1 1 1 1 1 0 1 1 1 0 1 0 1 
1 0 1 1 0 0 1 1 1 1 0 0 1 1 0 
0 1 0 0 0 1 1 0 0 1 1 1 0 0 1 
0 0 0 1 0 0 1 0 0 1 1 0 0 0 1 
1 1 0 1 1 1 0 0 1 1 0 1 0 0 1 
1 1 0 0 0 0 1 1 1 1 0 0 1 0 1 
0 0 1 0 0 1 0 1 1 0 0 0 0 0 0 
1 1 0 1 1 1 1 0 0 0 0 0 1 0 1 


real	15m47.942s
user	15m38.364s
sys	0m3.204s
