GA Info:

- Number of variables: 4
- OA Profile: (16, 15, 2, 4)
- Population size: 50
- Fitness evaluations: 500000
- Tournament size: 3
- Mutation probability: 0.2
- Crossover Operator: 0
- Seed: 1789007226388928193
Best fitness in initial population: 246.46186235905293
Best initial individual:
1 0 1 0 0 1 0 0 0 1 0 0 1 1 0 
0 1 1 1 1 0 1 0 1 1 1 0 0 1 0 
0 0 0 1 1 1 0 1 0 1 1 1 0 1 1 
1 0 1 0 0 0 0 0 0 0 0 0 1 1 1 
0 1 0 1 1 0 0 1 1 0 1 0 1 1 0 
1 0 0 1 0 1 1 0 1 1 0 1 0 0 1 
1 1 1 1 1 1 1 0 1 0 0 0 0 0 1 
1 0 1 1 1 1 0 1 1 0 0 1 1 0 0 
1 0 0 0 1 1 1 0 1 0 0 1 0 0 1 
0 0 1 1 1 1 0 0 0 0 1 1 0 0 0 
0 0 1 1 0 0 0 1 0 1 0 1 1 0 1 
0 1 0 1 0 0 1 1 0 0 1 1 1 0 1 
0 0 0 0 1 1 1 1 0 0 0 0 1 1 0 
1 0 0 0 0 0 0 0 1 1 1 1 1 1 0 
1 1 1 1 1 0 0 0 1 1 1 1 0 0 1 
1 1 0 1 0 0 1 1 1 0 1 0 1 1 0 

Best fitness in final population: 175.92598243287694
Best initial individual:
1 1 1 1 1 0 0 0 1 1 1 1 0 0 1 
0 0 1 0 1 1 0 1 0 0 1 1 1 1 0 
0 1 0 0 0 1 0 0 0 1 1 0 0 0 1 
0 1 1 0 1 1 1 1 1 1 0 0 1 0 0 
1 0 0 0 0 1 0 0 1 0 1 0 1 0 0 
1 0 0 0 1 0 1 0 1 1 0 1 0 1 0 
1 0 0 1 0 1 1 0 0 0 0 1 0 1 0 
0 1 0 1 0 0 0 0 1 1 0 1 1 1 0 
0 0 0 1 0 0 1 1 0 0 1 0 0 1 1 
1 0 1 1 0 1 1 1 1 1 1 0 1 1 0 
1 1 0 0 1 1 1 1 1 0 0 0 0 1 1 
0 0 1 1 0 0 1 0 0 0 0 0 1 0 1 
0 1 0 0 1 0 1 1 0 0 0 1 1 0 1 
1 0 0 1 0 0 0 1 1 0 0 0 0 0 0 
1 0 1 0 1 0 0 0 0 1 1 1 0 1 1 
0 1 1 1 0 1 1 1 1 1 1 0 0 0 0 


real	20m32.883s
user	20m25.306s
sys	0m2.249s
