GA Info:

- Number of variables: 4
- OA Profile: (16, 15, 2, 4)
- Population size: 50
- Fitness evaluations: 500000
- Tournament size: 3
- Mutation probability: 0.2
- Crossover Operator: 0
- Seed: -100030952384029503
Best fitness in initial population: 257.2481636543472
Best initial individual:
1 0 0 0 1 0 1 0 1 1 0 0 1 1 0 
0 0 1 0 0 1 1 1 1 1 1 1 1 0 0 
0 1 1 1 1 1 0 1 0 1 0 0 0 1 0 
0 1 0 0 0 0 1 1 1 1 1 1 0 0 1 
0 0 1 1 0 1 1 0 1 0 1 0 1 0 1 
1 1 1 0 0 1 0 1 0 0 1 1 0 0 0 
1 0 1 1 1 1 0 0 0 1 1 1 0 0 1 
1 0 1 0 1 0 1 0 0 0 0 1 1 0 0 
1 1 1 0 1 1 1 0 1 1 0 1 0 1 1 
1 1 0 1 1 1 0 0 0 1 1 1 1 1 1 
1 1 1 0 1 0 0 1 1 1 1 0 0 0 1 
1 0 0 1 0 0 1 0 1 1 0 1 0 0 1 
0 1 1 1 0 1 0 0 0 1 1 0 0 1 0 
0 0 1 1 0 0 0 0 0 1 0 1 1 1 0 
0 0 0 1 1 0 1 1 1 1 1 0 1 0 1 
1 1 0 1 0 0 1 1 0 1 0 0 1 1 0 

Best fitness in final population: 176.59955992089638
Best initial individual:
1 1 0 1 1 0 1 1 1 0 0 1 1 1 0 
0 1 0 1 0 1 0 1 1 1 0 0 1 1 1 
0 0 0 0 0 0 0 1 1 1 0 0 1 0 1 
1 0 0 1 0 1 1 0 1 1 1 1 0 0 1 
0 1 1 1 1 1 0 0 1 1 1 0 0 0 1 
1 0 1 0 0 1 0 0 0 0 1 0 0 1 1 
1 1 1 0 0 0 1 1 0 0 0 0 0 1 1 
1 0 0 1 1 1 1 1 0 0 0 1 1 1 0 
0 0 1 0 1 0 1 0 0 1 0 1 0 0 1 
1 1 0 0 1 0 0 0 1 1 1 0 0 1 0 
1 1 1 1 0 0 1 1 1 1 1 1 0 1 0 
1 0 1 1 1 0 0 0 0 0 1 0 0 0 0 
0 0 1 0 0 1 1 1 1 0 0 1 1 1 0 
0 0 1 0 1 0 0 1 1 0 1 0 1 0 1 
0 1 0 0 0 1 0 0 0 0 0 1 1 0 0 
0 1 1 1 1 1 1 1 0 1 1 1 0 0 1 


real	20m46.022s
user	20m35.710s
sys	0m2.278s
