GA Info:

- Number of variables: 4
- OA Profile: (16, 15, 2, 4)
- Population size: 50
- Fitness evaluations: 500000
- Tournament size: 3
- Mutation probability: 0.2
- Crossover Operator: 0
- Seed: -5352158416829522351
Best fitness in initial population: 259.448420333179
Best initial individual:
0 1 0 0 1 0 1 0 1 0 1 1 1 1 1 
1 1 1 1 0 0 1 1 0 1 1 1 1 1 1 
0 1 0 0 0 0 1 1 0 0 0 1 0 0 0 
0 0 1 1 1 0 1 1 1 1 1 1 0 0 0 
1 1 1 0 0 1 0 1 0 0 0 0 1 1 0 
1 0 1 1 1 0 1 0 1 1 1 0 0 0 0 
1 0 0 1 0 1 1 1 1 1 1 1 1 1 1 
0 0 1 0 0 1 0 1 1 1 0 0 0 1 1 
1 0 0 0 0 0 0 0 1 0 0 1 0 1 1 
0 0 0 1 1 1 0 0 0 0 0 0 1 1 1 
0 0 1 0 0 1 0 1 1 1 0 0 1 0 0 
1 0 1 0 1 0 1 1 0 0 0 1 0 1 1 
0 1 0 1 0 0 0 0 1 1 1 1 1 0 0 
1 1 0 0 0 1 1 1 1 0 1 0 1 0 1 
0 0 0 1 1 1 1 0 1 1 1 1 0 1 0 
1 1 0 1 0 1 1 0 0 1 0 1 1 1 1 

Best fitness in final population: 175.2783270775607
Best initial individual:
1 0 0 1 1 0 0 1 0 0 1 0 0 0 1 
0 0 1 1 1 1 1 0 0 1 0 1 0 1 1 
0 1 1 1 0 0 1 1 1 1 1 1 0 1 0 
1 1 1 0 1 0 1 0 1 1 1 0 1 0 1 
0 1 1 0 1 1 0 1 0 0 0 0 0 0 0 
1 1 0 1 0 0 0 0 0 0 0 1 0 1 0 
1 0 1 0 0 1 0 1 1 0 1 1 1 1 0 
1 0 1 1 0 0 0 1 1 1 0 0 0 1 1 
0 0 0 0 0 1 1 1 0 0 0 0 1 1 0 
0 0 0 0 0 0 1 0 0 1 1 0 1 0 0 
1 1 1 0 1 1 0 0 0 1 0 1 1 1 0 
0 1 0 0 1 0 0 1 1 0 1 1 0 1 0 
0 0 0 1 1 1 1 1 1 1 0 1 1 0 1 
1 1 1 1 0 1 1 1 0 1 1 1 1 1 1 
1 0 0 1 1 0 1 0 1 0 1 0 0 0 1 
0 1 1 1 0 0 0 1 1 0 1 0 1 0 1 


real	19m1.286s
user	18m46.438s
sys	0m2.945s
